-5.15686  6.97799  4.59788  0
5.29115  0.968218  -0.625564  4
1.98139  5.96794  -7.54085  0
2.30869  -0.389942  -5.00689  4
-5.23954  7.45644  -3.52972  0
3.24799  -5.45355  -2.73523  4
-3.05529  2.29571  5.44795  0
0.0865578  2.41917  -1.76696  4
7.18185  -0.207378  -6.6818  0
2.64553  8.5481  0.133564  4
4.15612  8.46892  -2.20568  0
-1.02163  8.37017  6.48387  4
1.30245  9.16916  -3.43474  0
-0.412822  -1.35389  4.84887  4
4.90436  -8.34882  1.64762  0
1.02305  2.48841  -6.50194  4
-7.50006  -2.19017  -6.03401  0
-1.68068  -2.84331  2.34631  4
1.45942  4.19276  -8.79449  0
-6.82358  -1.84667  0.427281  4
8.95023  -3.64438  0.602786  0
-6.45018  -1.1058  -0.368407  4
7.45857  6.29096  -0.965304  0
4.1182  -1.93419  7.56691  4
-7.62005  4.01654  -4.80262  0
0.422324  2.78784  0.683391  4
-2.32439  2.87201  8.27799  0
4.17687  -1.6582  2.50213  4
6.73347  -1.95582  6.79266  0
1.15763  -1.9309  -8.70292  4
9.1609  0.346508  -3.50099  0
-2.4424  -4.06338  -8.08925  4
1.53483  7.96674  5.53596  0
8.48075  -0.854349  1.19717  4
-7.26275  1.25563  -6.4338  0
-1.6056  -5.2809  4.73289  4
0.303377  -6.06368  7.571  0
-6.50962  2.10896  5.47696  4
-7.77005  2.33827  5.18449  0
0.0871161  0.974547  -8.59399  4
-0.417347  6.18164  -7.63919  0
6.38397  -4.33045  -2.04059  4
-5.44971  -0.732109  -8.08388  0
2.82929  7.4246  3.68538  4
-1.50601  9.65072  -0.415606  0
-7.09255  -0.315715  -3.33913  4
-0.131238  -7.6155  -6.02041  0
3.9054  -1.59392  1.00656  4
-6.40915  6.00178  4.10809  0
3.82096  -8.71887  -1.21919  4
4.63955  -0.702562  0.183726  0
-6.75896  3.23092  -0.59918  4
3.8653  -0.739947  5.60305  0
-5.10442  1.63436  -7.21269  4
3.3607  1.13374  -3.00837  0
-5.63411  -0.186408  -1.63357  4
-1.19307  9.10957  3.25589  0
7.24715  0.44028  -3.02274  4
7.40372  -1.85083  -6.21559  0
-1.01265  -5.89767  -2.22357  4
4.96958  7.14046  4.45545  0
-8.32002  2.22068  -0.892014  4
-2.59511  9.41573  -0.501525  0
-3.84374  8.70475  0.404638  4
7.04614  6.84504  -0.0749544  0
-2.66199  -0.609049  -1.94927  4
-3.52405  5.25897  -7.54491  0
-5.72551  -2.36509  -0.578343  4
7.57213  -1.20369  3.35124  0
-5.95393  1.67096  1.49857  4
6.76516  0.522949  -7.11163  0
2.42746  -3.51569  5.68941  4
-3.03762  6.82382  1.47978  0
7.10738  0.981218  1.61539  4
4.03069  5.19995  -2.69983  0
-2.57869  1.20211  1.9448  4
-0.578108  3.03776  -0.106582  0
1.40438  8.54501  -0.47062  4
-1.178  6.94908  -3.32359  0
7.23398  -1.61244  1.42436  4
-0.711338  9.04877  -3.37885  0
-3.52167  -4.23068  0.872896  4
1.64063  5.10116  8.29168  0
-2.44924  -7.69754  -4.86975  4
-6.80651  -6.39346  3.21112  0
-4.01722  -0.62409  -1.0916  4
2.5369  1.32501  9.41784  0
-2.95099  5.39183  -5.02305  4
-2.5927  -3.50484  0.715691  0
-5.15553  2.81569  -1.3055  4
-8.66148  1.5124  -2.3386  0
-0.831211  2.23988  -1.11192  4
0.45988  -4.20768  -1.95147  0
-0.196387  -0.646758  -6.25275  4
-2.67037  4.41613  1.6484  0
0.138813  -0.907581  4.66274  4
2.26388  8.17688  -4.96451  0
-3.57531  3.75233  3.91617  4
-8.55171  -0.627458  4.50208  0
8.39195  -2.25569  -0.169731  4
-1.67654  0.67849  9.71423  0
1.76722  -7.25317  4.33305  4
5.7594  -5.5664  -1.38376  0
5.4293  -3.96876  0.16722  4
-8.85126  2.15407  -3.69702  0
0.546238  -1.2008  7.32965  4
-0.220706  -8.3252  -5.32742  0
7.47956  3.76596  -0.971349  4
9.28164  1.22826  2.59018  0
-4.73755  -1.17807  -5.93061  4
0.378656  9.20954  2.53429  0
2.03171  5.06681  7.88427  4
4.52126  4.64249  -7.37239  0
6.40464  2.86859  1.43135  4
-1.20285  -9.68666  0.00911266  0
-4.35825  4.64851  1.86093  4
-4.01205  -4.33883  7.86616  0
1.84507  -0.814016  -1.53375  4
1.04267  2.15926  9.54682  0
8.08109  1.23454  1.48779  4
-1.66141  -0.724596  9.67121  0
5.64548  -3.58144  4.93141  4
9.78325  0.621693  0.0410835  0
4.1104  5.32496  -1.29347  4
8.90401  -2.82644  -3.20894  0
6.53377  1.52547  -0.113441  4
1.74272  -5.98535  7.59612  0
3.41311  -3.86161  -3.08208  4
-0.834162  -4.96231  -1.61323  0
8.1283  -0.145293  -1.47233  4
9.08439  -0.94732  -3.73223  0
-5.41349  -4.50687  -4.30939  4
-3.13967  7.63023  5.14247  0
-1.5626  1.9093  -7.92799  4
6.76314  -0.603811  -2.93326  0
0.114681  -0.940807  -2.23355  4
-6.84849  2.92791  6.45863  0
2.75161  -1.72861  -8.09527  4
8.60813  -1.53351  0.680233  0
0.0694203  -0.133872  2.99578  4
-1.97529  -6.6676  -6.74416  0
-5.53271  -1.29456  -2.76764  4
1.71769  -0.425612  -2.37973  0
-0.796827  -2.36836  -6.33737  4
-2.77023  5.83731  -3.51517  0
1.71465  -0.451954  2.50382  4
9.13648  -2.32563  -2.65178  0
-2.53174  -1.0159  1.95038  4
3.80472  9.09739  -0.367921  0
-7.3265  -4.38288  0.723037  4
8.33014  4.73016  -2.13549  0
5.78131  5.72095  2.01407  4
5.7719  -3.00859  7.34061  0
-5.96714  -3.25616  4.34977  4
1.25373  -4.23142  5.19748  0
8.7604  -1.80087  -0.63301  4
-0.784634  -8.86445  -4.27594  0
0.342553  6.32317  -2.29007  4
0.575163  -6.38814  -4.66152  0
-2.40359  7.57812  -4.30216  4
2.85256  0.854199  6.30707  0
2.37559  -1.09404  0.124554  4
-4.54911  -0.237859  -1.00181  0
7.02925  4.12177  3.1163  4
0.312537  -4.0498  -8.87417  0
5.28065  0.872821  6.68044  4
-0.510611  -9.69147  1.10356  0
5.22462  -1.44215  -0.593257  4
-1.93443  -5.81935  7.51932  0
7.02992  -2.8047  2.77082  4
-5.55708  -5.07945  4.85026  0
-7.29335  -1.27661  1.36685  4
-2.28484  7.12985  -6.40119  0
7.76406  0.0628891  2.35333  4
-6.24239  -5.57713  -5.19906  0
-1.48703  0.744575  -6.18294  4
-5.60345  -6.95282  2.81752  0
-8.72544  -0.29239  1.0303  4
6.92413  0.241504  7.04138  0
-2.36459  -1.14976  -4.85297  4
-8.11035  5.16008  2.02771  0
-0.988194  5.6782  -0.189731  4
-1.00428  1.85885  -9.56282  0
1.35388  6.55345  -2.25974  4
-4.86523  -8.1654  -0.651605  0
3.70311  6.85869  -0.333992  4
-1.68191  -8.2166  5.09805  0
-6.58523  0.641611  1.27158  4
6.48808  -6.6523  -3.18288  0
-1.44246  -5.38598  7.43188  4
4.85498  -8.01509  -2.74209  0
0.00568383  0.631422  -5.25817  4
-0.200514  -7.27952  0.380737  0
3.03597  1.9194  3.50967  4
-4.68063  4.07781  5.80887  0
3.95323  2.38134  5.53135  4
1.26937  9.57414  0.54466  0
0.301369  0.585118  0.250688  4
-5.47322  -7.13916  -4.00912  0
-1.52195  2.67978  1.7276  4
