-6.35559  3.40367  2.89519  0
6.35443  -2.29514  -0.333756  4
5.32182  4.42388  -3.88399  0
-0.381459  -2.72301  -5.40403  4
-4.10022  5.55151  -6.81768  0
6.12753  -6.41733  1.00706  4
-2.74006  5.46425  2.3976  0
-0.786487  1.90926  -3.74884  4
5.48582  -2.22731  -7.11721  0
0.543482  3.72605  0.34808  4
4.46857  6.59976  -5.72851  0
-0.83438  7.84486  7.14719  4
0.223507  4.7929  -8.55385  0
-0.404733  -2.63683  4.96382  4
2.75433  -9.45399  -0.628642  0
2.35944  4.91752  -7.74211  4
-6.3673  -3.95916  -6.34917  0
-1.07041  -3.01412  4.94837  4
1.65781  4.1874  -8.75962  0
-7.34193  -3.35455  -0.39386  4
9.72229  -1.51798  -0.141125  0
-2.87826  -3.43147  -0.909646  4
4.28072  6.32067  -0.454507  0
1.16723  0.897906  5.80939  4
-7.26406  3.75929  -5.41006  0
6.55691  2.50638  4.37929  4
2.26581  5.39829  7.72765  0
2.87643  -3.61422  3.59722  4
3.5433  -1.62897  5.82164  0
1.04102  -1.53445  -7.21547  4
9.41111  0.730592  -2.82812  0
-1.83251  -3.83747  -2.94538  4
0.701818  5.94806  7.87462  0
6.41909  1.0839  0.484357  4
-6.03763  1.25705  -7.58492  0
-2.90384  -2.0123  2.34279  4
-1.36124  -5.90946  7.76162  0
-7.86663  3.39718  3.15947  4
-8.30916  0.768414  4.62685  0
3.67668  -2.05879  -8.0149  4
-0.181379  7.2537  -6.67632  0
7.32594  -3.35706  0.266589  4
-4.5104  0.139192  -5.51519  0
-0.0461177  7.33123  4.59949  4
-2.05584  9.32428  -1.32579  0
-4.84323  0.680617  -0.481192  4
-2.12448  -8.94251  -3.53434  0
6.40714  0.136146  2.45928  4
-5.39295  7.17663  3.74237  0
-0.0852476  -6.28561  -3.35907  4
3.30302  -1.88685  3.56304  0
-6.11771  3.9118  -0.776072  4
5.03299  -1.81019  6.17939  0
-4.9029  2.39561  -6.81423  4
3.10198  5.47944  -3.20174  0
-6.12965  0.391021  -1.22695  4
0.0823825  8.79528  3.17742  0
4.47282  -4.29095  -3.93902  4
6.06336  -0.689233  -6.12266  0
0.69862  -5.68192  -2.41805  4
3.95295  8.51575  2.44832  0
-6.29898  0.673  -2.00323  4
-2.13444  7.28199  1.36821  0
-2.99373  8.72925  -1.23785  4
3.36655  2.16943  1.11555  0
-2.63806  2.60402  -2.21386  4
-4.18293  6.99646  -5.45759  0
-5.86026  -2.01891  -1.98783  4
2.52692  -0.858258  4.66243  0
-6.99041  1.09225  2.7154  4
7.39387  2.12997  -6.17791  0
0.0648237  -3.72146  7.76027  4
-3.28119  5.29833  -1.9542  0
9.51198  -1.00613  -1.25396  4
2.10483  9.40718  1.09846  0
0.433666  2.18823  3.79869  4
-3.07384  1.82298  1.15608  0
1.90699  8.76074  1.91315  4
4.07782  8.40806  -3.07102  0
8.82442  0.948407  1.80922  4
-3.20824  8.78816  -2.74715  0
-0.80162  -1.95583  -1.19036  4
0.556081  2.30546  7.39289  0
-3.07825  -5.78062  -6.99451  4
-7.86522  -5.16024  2.97167  0
-7.95348  -2.26649  -1.73969  4
1.08424  3.41986  8.63777  0
-4.42122  6.37013  -3.36872  4
-4.3879  -0.138044  -0.200857  0
-6.84191  2.91458  0.647273  4
-9.13877  1.2253  -3.50441  0
-0.36497  6.72445  -2.49285  4
0.900314  -1.50507  -0.262154  0
0.776462  2.60186  -6.31764  4
-1.87526  4.04757  -3.32928  0
-3.07132  0.0669964  5.25816  4
1.06044  7.45825  -1.6413  0
-2.07175  6.06482  1.50083  4
-7.01946  1.07419  6.187  0
5.9791  -1.86888  0.48584  4
-4.74582  1.26849  8.3479  0
0.531966  -4.2386  2.23422  4
7.70029  -2.32217  -5.65558  0
6.78619  -2.26222  1.84199  4
-7.73891  4.67679  -3.83778  0
1.5298  -2.14442  3.88971  4
0.811423  -6.60906  -5.07276  0
4.80349  2.76464  2.85301  4
9.83038  0.575616  -0.242735  0
-5.58754  -0.168332  -5.32621  4
0.343134  9.82408  -0.453972  0
0.902101  4.10739  4.90625  4
3.36719  5.47573  -7.44247  0
7.28698  3.70781  1.82196  4
-1.67821  -9.61478  -1.03132  0
-2.49854  4.6842  2.33947  4
-6.31739  -4.68657  5.89084  0
-1.46601  0.453592  -3.16312  4
-0.723503  0.885381  9.75525  0
6.9166  -0.886641  4.87526  4
-3.41628  2.17725  7.94487  0
3.24964  -6.30067  5.58349  4
9.76672  1.07775  -0.60117  0
0.063676  7.0761  -1.33088  4
9.45128  -2.50903  -1.10377  0
3.87721  0.34617  3.38265  4
0.610038  -5.2803  8.12558  0
1.31307  -3.1665  0.180884  4
0.221781  -4.83637  3.59173  0
6.71878  -0.703132  -0.368319  4
9.11252  -1.13222  -3.5212  0
-6.2349  0.982936  -3.77423  4
-5.50834  7.62793  2.95376  0
1.10993  0.0491907  -7.16035  4
5.06399  -1.19597  1.88678  0
2.54522  2.31834  0.526021  4
-7.2607  2.91314  5.87562  0
1.48904  -0.962384  -8.46628  4
9.00341  2.41626  -3.13702  0
-0.524308  -1.27696  4.35852  4
-2.33894  -7.02016  -6.51594  0
-5.3713  -1.74907  -3.20163  4
-0.14812  -0.324613  -1.18634  0
1.16923  -1.54721  -9.09455  4
-4.96772  7.15478  -4.52015  0
-1.48492  -0.421873  4.86719  4
8.45633  -2.97688  -3.96892  0
-3.32841  -4.55623  4.59478  4
5.47174  7.86619  2.31551  0
-7.24455  -4.64673  3.34569  4
3.93234  1.77324  -3.0381  0
0.33878  0.71585  1.62868  4
6.18029  -1.52425  7.46467  0
-3.17419  -1.73993  -1.65028  4
1.71048  -7.62797  6.00235  0
8.00277  -2.22756  -3.5689  4
1.04346  -9.39826  -2.512  0
-1.89069  3.01399  -1.6461  4
-0.275143  -8.56903  -4.68525  0
-4.09326  6.85339  -0.698336  4
7.61766  0.533615  6.14474  0
-1.08467  2.07566  2.79424  4
-4.93481  -2.43585  -2.94469  0
4.27956  5.15929  2.87186  4
1.86155  -6.96907  -6.71223  0
3.99149  0.218753  5.28498  4
0.767395  -9.58902  1.97486  0
7.68378  -0.980076  -0.15022  4
-4.3179  -6.16579  6.31666  0
5.686  -4.99121  0.362052  4
-7.19202  -4.63823  4.30937  0
-6.8104  0.755757  4.53479  4
-3.09615  7.42429  -5.69151  0
5.84349  0.558915  7.58149  4
-7.46504  -4.59192  -3.93298  0
-2.52837  0.596159  -6.30082  4
-4.40893  -8.26233  2.67037  0
-6.25633  0.288386  1.46899  4
5.6838  0.989407  7.86596  0
-4.19951  0.494191  -6.93062  4
-8.16782  4.99297  2.24793  0
-0.0863896  4.82803  1.82855  4
0.737197  2.78187  -9.43204  0
2.85812  4.20946  -5.52626  4
-5.9833  -7.73378  -0.0680946  0
5.12084  7.6393  -0.916032  4
-3.49577  -8.24714  4.03206  0
-1.30051  -1.9494  6.94479  4
7.95121  -4.2545  -0.420725  0
0.280785  -2.80356  6.4544  4
4.63903  -6.05018  -6.23359  0
-0.930776  4.39117  -8.45117  4
1.95746  -5.21458  2.88433  0
4.73678  1.20491  5.42294  4
-7.52541  3.94891  4.96829  0
5.71364  3.1967  1.55783  4
0.713311  9.62108  1.90523  0
1.36787  0.509835  4.20951  4
-5.94654  -6.1797  -4.58463  0
-0.772499  -2.73379  0.886982  4
