-6.28342  5.61315  4.93952  0
5.98132  0.489256  -1.84955  4
4.19207  5.38672  -7.12981  0
1.25544  -0.0757008  -3.04167  4
-5.09744  7.63702  -3.52317  0
5.54191  -5.74562  -4.84867  4
-3.96857  3.93969  5.05997  0
1.84334  4.44183  -4.31022  4
4.92361  -1.28119  -6.83674  0
4.26692  5.17832  -0.998302  4
3.06075  8.67265  -3.18117  0
-0.788792  8.30253  6.62159  4
2.28851  7.62534  -5.67641  0
-1.17483  -2.29219  5.83229  4
4.66184  -8.51  0.717378  0
2.81108  4.04532  -7.86451  4
-7.30889  -2.45257  -6.05443  0
-1.09968  -2.94749  2.81593  4
2.48964  4.05334  -8.51177  0
-8.01291  -4.33365  -1.53284  4
9.30251  -3.172  0.0850319  0
-4.69149  -2.4174  0.593864  4
7.31039  6.41415  -1.10018  0
2.14888  -0.610121  7.34095  4
-7.26284  4.61422  -4.75638  0
1.60231  1.16984  2.66003  4
0.967196  3.45894  8.05626  0
3.15107  -2.11946  2.61093  4
6.63132  -2.47288  6.85423  0
1.43071  -1.12935  -8.09689  4
8.95243  0.123629  -2.91538  0
-0.854724  -4.17768  -8.27529  4
0.696288  7.26027  6.62373  0
8.45185  1.04794  0.360061  4
-6.86837  1.29459  -6.30988  0
-0.635639  -2.23494  3.34637  4
0.81296  -5.1118  8.17358  0
-6.80831  2.1537  3.18073  4
-8.41905  1.96896  4.71098  0
2.46718  -0.0162642  -7.33307  4
-0.163029  6.26158  -7.64054  0
6.54846  -5.10429  -1.61554  4
-4.8961  -0.533463  -8.1854  0
2.19511  7.46404  3.98661  4
-1.32193  9.68786  -0.928087  0
-6.55782  2.26893  -1.0362  4
-0.985723  -7.99782  -5.64227  0
5.20123  0.0570674  1.74378  4
-5.70081  6.88977  3.58773  0
2.66774  -8.62352  -1.51172  4
5.50706  -1.51904  -0.227077  0
-4.20524  1.53892  -0.152248  4
4.95972  -1.79017  6.62114  0
-4.89178  2.75319  -6.47447  4
3.82661  -0.0168164  -3.70088  0
-6.77212  -1.66948  -0.912704  4
-2.37745  9.0875  2.99796  0
7.15615  -1.81996  -3.19712  4
7.65899  -1.23354  -4.68333  0
-1.4075  -6.8191  -3.0307  4
3.95435  8.02256  3.92652  0
-6.75772  2.31348  0.544685  4
-3.20659  7.79747  -1.48813  0
-4.22881  7.8332  0.973649  4
7.21376  5.53956  0.952257  0
-2.71667  0.119626  -1.95564  4
-3.93421  6.02553  -6.73532  0
-2.69428  -1.9422  -1.75075  4
7.17142  -0.648072  3.11613  0
-6.8918  1.19705  0.9876  4
7.46543  1.04874  -6.22208  0
1.19866  -4.86447  7.22051  4
-1.56984  5.11748  1.31751  0
7.33624  -0.245869  -0.269368  4
1.30091  5.62576  -1.6913  0
-1.33468  2.62766  4.52101  4
-0.0405642  -0.0789372  1.09742  0
-0.203854  8.50992  0.454339  4
1.27838  6.70698  -2.85272  0
5.57536  -0.638763  3.47495  4
-0.210417  9.35096  -2.99178  0
-2.53975  -5.96149  -2.30162  4
0.771886  5.57826  8.04222  0
-2.20174  -6.54581  -5.56048  4
-7.059  -6.38268  2.49309  0
-5.84724  0.948599  -1.97393  4
2.11422  1.9362  8.68941  0
-3.79843  6.34947  -5.86634  4
-3.66701  -3.24079  1.39191  0
-4.65285  3.21012  1.88638  4
-9.22082  2.51962  -1.96463  0
0.00722062  4.79674  -5.5103  4
-0.526429  -4.04982  -1.04351  0
0.746533  -0.0903009  -4.36132  4
-1.45727  5.53916  -0.446756  0
-0.771991  -1.16384  4.29753  4
0.717206  7.0596  -4.35968  0
-2.28694  4.10628  2.54142  4
-7.92044  -0.066042  5.79891  0
7.95972  -4.34536  -0.677013  4
-2.45534  2.08739  9.29331  0
0.755437  -6.57228  3.54145  4
6.56617  -5.02907  -5.20989  0
6.23157  -1.33309  1.47027  4
-8.30651  2.54944  -4.57692  0
0.669244  -4.01245  6.84813  4
-0.0810431  -7.74603  -5.09053  0
6.2624  2.22466  -0.804625  4
9.57161  1.56828  1.56425  0
-5.38176  -1.14315  -7.4651  4
1.00606  9.61979  1.73075  0
2.92539  4.18305  7.37615  4
4.10469  4.83892  -7.44501  0
6.48036  3.27317  2.0755  4
-1.50348  -9.73038  0.614192  0
-5.96821  4.71438  1.07457  4
-4.7107  -4.29923  7.47427  0
0.731848  -1.11887  -0.257226  4
0.952623  -0.189805  9.4045  0
6.90334  1.97176  3.26564  4
-2.07523  -0.701786  8.7207  0
4.04516  -5.20957  3.42826  4
9.85171  0.631989  -0.38633  0
1.84357  6.16373  -0.239243  4
8.64781  -3.19037  -3.45712  0
3.91581  1.01569  1.98899  4
1.06035  -6.03932  7.68826  0
2.43043  -6.04326  -2.53153  4
-0.631724  -5.71481  0.117055  0
7.77618  0.283911  -0.130876  4
8.8528  -1.73733  -3.83855  0
-5.97356  -2.4862  -5.41216  4
-3.6007  6.27451  4.43811  0
-2.39136  0.112976  -7.32534  4
7.5715  0.677725  -1.73817  0
-0.758199  0.0969045  -0.480647  4
-6.11361  2.89059  7.17431  0
3.54281  -1.14851  -7.66365  4
7.3941  1.62063  -0.776569  0
0.165996  1.1302  4.80401  4
-2.48014  -7.18912  -5.97734  0
-3.66092  -1.3436  -2.99899  4
0.114071  -1.24068  -1.92092  0
-0.576132  -3.61082  -7.10191  4
-2.90541  8.05482  -4.64336  0
1.28789  -1.56437  2.88805  4
9.27969  -1.7841  -2.78128  0
-1.4906  -1.45312  3.70776  4
4.20227  8.94661  -0.216214  0
-6.62665  -4.55939  0.673282  4
7.7871  4.16896  -4.01251  0
4.48137  3.53059  2.09927  4
5.34917  -2.57703  7.28926  0
-7.07637  -3.25651  4.13564  4
-0.443647  -7.21168  6.73455  0
9.40471  -1.9027  0.506145  4
-0.0344349  -9.24022  -3.43607  0
-0.0423045  4.51221  -1.80133  4
-0.346318  -8.17404  -4.64057  0
-4.11864  8.08172  -2.58411  4
3.9533  0.439078  5.12495  0
1.2585  0.17752  -1.24477  4
-2.94861  -1.04588  -1.71859  0
6.74004  5.57218  3.23447  4
1.07693  -5.58622  -8.06569  0
4.03039  0.980399  6.25869  4
-0.0175752  -9.54011  2.46276  0
6.35933  -3.37023  1.51535  4
-1.0939  -4.66891  8.57122  0
7.6913  -3.04282  0.891316  4
-7.12783  -4.66734  4.91148  0
-7.8598  -0.344121  2.91518  4
-2.37812  6.50231  -6.58659  0
8.31688  -1.15942  2.96005  4
-6.73361  -5.46231  -4.64758  0
-0.921936  0.830752  -5.7574  4
-5.67751  -7.42546  2.95202  0
-8.16189  1.13471  1.87135  4
6.35699  -0.650174  6.19397  0
-2.59275  -0.125651  -5.41234  4
-7.6699  5.73373  2.35277  0
1.8577  5.38868  1.15568  4
0.114027  3.33251  -9.17791  0
-1.61406  4.48218  -2.06314  4
-5.64897  -7.85882  0.371808  0
5.07342  6.82923  -0.689512  4
-2.15716  -8.55048  4.40683  0
-5.49696  -1.3957  2.21351  4
7.2931  -6.26774  -1.88528  0
-3.02143  -5.33278  6.14258  4
4.83317  -7.19144  -4.40408  0
-1.83969  1.37599  -7.78882  4
2.25914  -6.51503  -0.0969957  0
3.78793  1.07249  4.16058  4
-6.28615  4.51384  5.91818  0
3.42871  2.78981  7.1856  4
0.831368  8.28918  -1.7824  0
-0.210928  0.724059  0.134103  4
-4.93076  -7.34273  -4.26069  0
-0.38838  1.55248  1.59476  4
