-1.09587  7.74648  0.670095  0
8.87637  -2.74343  0.395622  4
3.21761  1.31116  -9.20031  0
2.34979  -4.80119  -7.90973  4
-3.49134  4.11157  -8.17514  0
4.07035  -3.70751  0.745091  4
-2.41733  2.81213  2.27362  0
2.93199  4.4123  -4.41903  4
4.47361  -3.08007  -7.2965  0
0.351973  6.4908  2.85898  4
4.97096  7.58323  -3.7953  0
-0.548815  7.07887  7.91399  4
2.63221  5.44565  -6.3779  0
0.483982  -3.61782  5.39137  4
2.81976  -6.90056  -3.31826  0
2.58545  2.24645  -6.95612  4
-3.45333  -6.68037  -6.35007  0
1.03038  -0.918066  7.39245  4
-1.56976  6.88474  -6.82517  0
-7.8724  -0.614679  -0.884116  4
9.40492  0.589461  1.73905  0
-3.42453  2.45941  3.31618  4
3.01635  9.22332  1.7402  0
1.93811  -0.800561  5.87125  4
-7.73789  4.22829  -4.2073  0
1.93559  1.01569  3.08092  4
3.07158  5.01541  3.6122  0
8.79709  1.32395  2.96977  4
2.98535  -3.05747  2.30883  0
2.41014  1.81698  -8.9176  4
8.63765  2.48222  -3.48764  0
-3.24343  -5.32288  -0.421658  4
-1.05617  3.96832  8.58665  0
6.75717  -1.36266  0.901068  4
-5.11256  0.875223  -5.38919  0
-7.37937  -1.13549  -3.0674  4
-2.79183  -6.89157  5.47046  0
-6.31544  1.39995  1.75241  4
-9.0861  3.14253  2.10554  0
0.983607  -1.44515  -7.99572  4
1.03452  8.29906  -5.16156  0
5.18521  -2.28298  -0.211958  4
-5.19017  -0.143073  -8.35025  0
4.42217  1.93928  4.35704  4
-2.24424  7.85824  -5.09179  0
-3.08348  -0.74036  -1.1816  4
-2.26499  -8.81735  -3.20046  0
4.06187  3.95748  0.194237  4
-5.53537  5.87886  5.60525  0
2.25005  -7.34185  -4.46201  4
5.11187  -0.675789  4.41988  0
-9.14587  2.10102  -0.275919  4
6.15697  -5.7258  5.0697  0
-4.62337  5.56768  -2.06251  4
4.76114  8.38631  1.63825  0
-7.51513  0.7352  -1.48083  4
0.877835  9.64138  1.74553  0
0.333631  -6.69183  -6.55079  4
7.58367  -1.60527  -6.0392  0
4.99562  -3.07522  3.26038  4
-1.59069  4.76918  2.19834  0
-1.7361  -0.211854  -2.84969  4
-4.32767  8.05677  1.16716  0
-3.14061  6.67022  0.490002  4
1.47586  2.56639  1.04423  0
-2.62353  3.05077  3.08019  4
-3.73525  7.42166  -5.23912  0
-6.01734  -1.24755  -2.39051  4
-1.3949  -2.87233  3.5459  0
-8.95523  0.879972  0.978388  4
4.64421  3.78475  -3.5714  0
-0.665594  -3.58243  4.59814  4
-0.972146  5.73874  0.447014  0
9.09625  0.78777  -1.04526  4
0.280601  8.01099  3.41088  0
2.11954  -0.417936  4.12648  4
-3.56288  -2.8524  -0.461242  0
3.14324  6.74853  -1.07614  4
6.73349  4.62164  -3.35712  0
6.27575  -0.00911545  2.33758  4
-5.61382  7.02778  -4.06619  0
-4.6335  3.02257  1.07583  4
5.22412  -0.726631  2.12037  0
-2.75404  -3.07239  -8.15903  4
-9.54425  -2.03062  -0.992134  0
-6.16043  0.748964  1.58992  4
4.25475  -0.977441  8.84603  0
-1.5674  9.14794  0.374527  4
-0.742092  -2.16546  -2.45901  0
-8.4483  0.383664  -3.75436  4
-9.55129  1.13393  0.453933  0
-0.377692  4.78802  1.5924  4
0.464484  -5.6218  -0.261257  0
4.61014  -0.0454844  -6.34426  4
-0.494496  -1.69792  -3.77228  0
-1.49813  -2.67722  5.49691  4
0.578583  6.64421  -3.90451  0
-5.09461  5.13055  -1.80669  4
-7.44208  2.37509  6.04024  0
7.00991  -2.17439  -0.844289  4
-5.84173  0.704849  7.85543  0
-1.22685  -3.16701  8.63622  4
8.20015  -3.82039  -3.83832  0
7.4531  -1.31637  -0.406705  4
-7.74411  5.74223  -1.74619  0
2.02892  -3.43638  0.212541  4
0.894287  -7.74053  -5.94261  0
8.02596  3.74127  -2.91389  4
9.35751  -2.58076  -1.89021  0
-3.86582  2.16289  -4.67282  4
1.15487  9.72694  -1.15449  0
4.21237  5.65971  5.90142  4
2.53658  7.57613  -4.90646  0
8.40294  1.2896  2.29598  4
-2.08582  -9.49973  1.07109  0
0.0246912  6.07781  4.44199  4
-7.22774  -5.16159  4.18792  0
5.76585  -1.92393  -5.38673  4
0.926199  -0.749446  9.66415  0
6.77021  1.67659  6.60295  4
-6.13564  0.318142  7.36579  0
-0.152518  -5.16235  7.01723  4
5.64545  3.57795  -4.45461  0
-2.43285  6.31027  -2.58416  4
9.02266  -3.71769  0.0106079  0
1.63344  -0.195918  4.37941  4
4.70418  -6.17005  6.0205  0
0.171126  -2.56707  1.15391  4
-2.74015  -9.3471  0.593467  0
7.93419  -4.58869  -1.67973  4
9.459  0.254558  -2.79281  0
-2.38825  8.97771  0.32087  4
-5.08188  7.73152  1.52735  0
1.45229  -0.133528  -8.25572  4
4.57037  1.70061  6.22996  0
1.4379  -1.07693  -2.70904  4
-4.91894  5.33676  6.64615  0
0.588881  -2.18825  -9.14487  4
6.55795  0.960959  -5.68992  0
-1.65701  -0.404717  3.48981  4
-2.63757  -5.17658  -7.9096  0
-4.94074  -1.4703  -7.75922  4
0.472377  -0.633858  1.02937  0
-1.06074  -2.29326  -4.02123  4
-4.55392  2.81962  -8.1288  0
-1.44698  -1.13958  6.83474  4
8.59602  -3.03005  -3.71236  0
-4.40223  -1.57233  4.0798  4
7.47366  5.59775  -0.606296  0
-7.22277  -0.817712  3.88886  4
8.63213  3.87316  -2.50122  0
4.16629  -0.785266  -0.823528  4
3.67354  -2.80975  8.65437  0
-7.72819  -0.344794  0.49721  4
0.113289  -6.68632  7.15858  0
8.20065  0.697339  -1.76662  4
2.09078  -8.50665  -4.35951  0
1.08147  -0.769084  -6.34526  4
0.574639  -7.1346  -6.58094  0
-6.84802  5.63544  -2.72658  4
7.6416  1.75172  5.8411  0
-3.58157  -3.18448  1.43467  4
-8.16168  -4.11646  -3.67217  0
3.62068  4.10139  3.48573  4
1.28976  -6.4562  -7.17391  0
5.47499  0.586545  7.86072  4
3.22779  -9.23411  0.526615  0
5.7218  0.0757587  0.619521  4
-5.17746  -4.2378  7.21375  0
3.61793  -2.63584  0.890546  4
-4.99916  -2.89342  3.5153  0
-5.10341  0.186189  8.11273  4
-2.01075  9.0137  -2.53765  0
4.96017  -0.143726  1.28545  4
-7.82285  -1.40942  -1.1471  0
0.408358  0.527919  -7.1889  4
-6.40639  -7.11052  2.33711  0
-8.09165  -2.44103  3.26222  4
6.68742  3.71209  6.15414  0
-7.49446  -3.1405  -4.12272  4
-6.05532  7.54824  -1.79648  0
-2.00751  1.1109  1.46412  4
-0.172801  3.35654  -9.22526  0
2.90414  7.42217  -2.8779  4
-4.87468  -7.71854  3.52254  0
2.04481  4.42397  -4.63632  4
-3.46062  -8.39642  3.4733  0
-2.05172  -1.77212  6.83592  4
6.72473  -7.14916  0.590637  0
-0.506024  -1.77923  3.88455  4
2.46917  -7.10129  -6.3886  0
-7.57558  4.24363  -2.47352  4
2.72137  -4.19026  8.40901  0
8.19644  0.746508  0.840873  4
-6.70334  3.62722  5.87595  0
1.30889  2.88095  -0.679022  4
-0.983539  9.78488  0.369866  0
0.602712  1.96195  0.478633  4
-4.19399  -8.00694  -3.89056  0
-7.16862  -2.6102  -0.0270684  4
