-3.31616  6.33517  -0.652602  0
9.4054  -0.525232  0.0123894  4
4.77712  3.96363  -7.67779  0
0.696247  -2.08332  -7.72227  4
-2.97471  4.11991  -8.28861  0
2.91635  -6.41003  -1.11277  4
-1.47469  4.68238  3.27601  0
2.64946  5.14499  -3.80516  4
4.44662  -0.727023  -6.48442  0
3.07012  5.37731  0.947293  4
4.04472  6.96927  -5.63577  0
-0.898061  6.66401  8.2524  4
1.23031  6.111  -7.51974  0
0.467248  -3.62617  3.89162  4
2.89525  -7.82249  -1.79157  0
0.94542  3.50375  -7.27732  4
-4.97443  -5.83297  -5.60091  0
-0.245834  -1.24705  6.41002  4
0.131034  8.08436  -5.2745  0
-8.96941  -3.14312  -1.24467  4
9.35989  0.384872  3.04949  0
-4.15956  -0.000532452  0.852913  4
4.33378  8.82507  0.965966  0
2.39995  1.71056  8.74376  4
-7.18389  4.41892  -5.1021  0
3.82857  1.76993  3.6279  4
1.30304  5.8438  6.88566  0
4.28417  -1.39264  3.32618  4
3.81977  -2.22586  3.81773  0
2.98478  0.975209  -8.14466  4
8.97513  2.39603  -3.32807  0
-2.15052  -6.65411  1.17997  4
-0.999824  5.13176  8.32366  0
9.05823  -1.85708  -0.880867  4
-5.89486  1.32458  -7.67645  0
-2.67213  -2.23542  -1.83176  4
-2.95961  -7.76412  5.12188  0
-8.28573  1.69226  0.470374  4
-7.8586  3.17407  4.78451  0
4.2651  -0.881006  -7.21766  4
0.177469  8.46075  -4.84315  0
7.92276  -2.52323  0.370607  4
-4.92732  -1.66088  -8.3623  0
2.57473  2.50964  5.00618  4
-3.19499  8.81917  -2.86079  0
-2.78818  -0.493432  -1.05116  4
-0.874546  -9.40303  -2.80749  0
4.08979  3.39537  2.22486  4
-5.08401  6.11549  5.81126  0
2.91714  -7.51311  -4.59587  4
6.7753  -0.127659  4.13352  0
-6.28199  3.72566  -0.636767  4
7.21324  -3.153  5.71357  0
-3.92013  6.29524  -4.70161  4
3.5041  8.90444  2.1279  0
-7.59286  -1.75947  -0.0903557  4
1.31257  9.27268  2.83644  0
1.96544  -6.45412  -5.3331  4
7.5782  -1.02204  -6.15907  0
4.80005  -5.06001  -0.446521  4
2.22742  6.32954  2.82317  0
-3.64271  -1.34334  -4.65571  4
-2.84843  6.14347  1.80378  0
-2.50921  6.24555  3.47325  4
-0.040392  3.72056  0.137625  0
-3.8577  6.73185  5.30627  4
-3.8563  5.40604  -7.26536  0
-5.61722  -1.11487  -1.74885  4
-0.51628  -4.58162  3.98262  0
-7.85655  1.50808  1.20408  4
6.0332  3.13307  -6.40592  0
-2.3857  -2.47504  5.12213  4
-1.46889  3.69312  0.193832  0
9.06436  0.435439  -1.83122  4
2.32838  8.88662  2.02147  0
0.810054  1.33157  1.87442  4
-2.77295  0.112119  -1.34738  0
3.50543  6.8025  -0.802134  4
4.63968  6.0816  -0.83917  0
7.05957  -0.864123  2.53533  4
-4.27733  8.15166  -3.18417  0
-1.52079  0.388805  1.09776  4
4.4181  0.966856  3.68879  0
-2.43562  -3.00261  -6.92789  4
-9.69144  -1.43155  -0.702974  0
-7.48282  -0.295581  -1.03576  4
3.52011  2.14633  8.97665  0
-3.21259  7.07531  0.046067  4
-2.21604  -2.01165  -0.885689  0
-6.69627  0.0315152  -3.95937  4
-9.72052  1.4463  -0.35096  0
0.869029  6.78127  0.665852  4
1.60451  -5.26133  -0.819404  0
3.49981  0.38101  -6.92411  4
0.884512  0.153684  -4.1688  0
-2.13956  -2.966  7.2956  4
0.466599  7.32774  -4.88201  0
-7.12511  6.04363  -1.04755  4
-8.4126  1.17564  4.99263  0
6.69099  -2.95651  -1.01362  4
-5.7843  2.50538  7.58177  0
-1.26137  -4.49357  6.22325  4
7.65424  -4.1677  -3.68058  0
8.21053  -0.405074  -0.234004  4
-6.65224  5.99254  -4.06708  0
2.88216  -6.24512  1.66484  4
0.427611  -8.56824  -4.74194  0
6.22954  4.86391  0.0162836  4
9.0247  -2.24883  -3.20082  0
-5.27573  0.974578  -5.99619  4
0.451824  9.75621  -0.899886  0
2.14102  4.0859  3.64078  4
3.67341  6.71741  -6.1988  0
7.46462  1.05336  3.6104  4
-1.88146  -9.65476  0.822827  0
-1.93388  5.12434  0.404534  4
-7.1767  -3.95072  5.50433  0
1.19542  -2.26368  -5.24035  4
-0.387821  -0.933673  7.47001  0
6.53072  2.23466  4.9259  4
-4.00661  -0.345901  6.48779  0
0.797527  -4.68112  5.82306  4
8.58927  3.40827  -3.38236  0
-1.41673  8.49352  0.511878  4
9.64724  -1.81281  0.397164  0
1.79177  -1.25543  4.67633  4
5.19405  -4.73578  6.86197  0
-0.360263  -2.45685  2.8587  4
-1.27029  -6.84129  0.421657  0
7.98421  -2.85093  -0.682668  4
8.89715  1.14617  -4.0436  0
-3.02033  7.84384  -2.61454  4
-5.42183  5.92343  3.02749  0
1.04924  -1.03072  -8.01558  4
4.12001  4.06599  3.13387  0
-0.522528  -2.1279  -0.694522  4
-5.06275  2.76768  7.93651  0
-0.390604  -0.269995  -9.29077  4
8.52951  -0.500708  -4.83553  0
-0.903156  -2.19747  4.90503  4
-2.89862  -5.48857  -7.62319  0
-4.80919  -3.15441  -6.69304  4
-0.0601026  0.347389  -1.09495  0
-1.83687  -1.68159  -5.29788  4
-4.58897  2.23598  -8.32862  0
-0.260232  -2.37802  8.47476  4
8.62072  -3.1628  -3.25372  0
-4.78353  -2.47921  4.72849  4
5.46952  8.02771  1.14537  0
-8.82324  0.814949  3.45701  4
8.15732  4.39991  -3.07353  0
4.02438  -0.42621  -0.208585  4
4.38091  -3.1937  8.19976  0
-6.98685  -1.04722  3.90024  4
0.397309  -6.16519  7.65855  0
6.56091  -0.50629  -4.71741  4
3.55043  -8.13059  -4.34701  0
0.918949  0.404503  -5.24269  4
-0.212327  -7.57366  -6.25131  0
-4.22223  4.83642  -2.79068  4
7.55986  2.20266  5.90226  0
-2.55435  -3.81437  1.86188  4
-8.50334  -2.65066  -4.194  0
4.14615  5.96673  4.0365  4
2.04183  -5.96626  -7.49551  0
5.48143  -1.70216  6.46795  4
1.06704  -9.72488  0.860217  0
8.57792  1.65794  -0.749149  4
-4.33897  -4.37497  7.72172  0
6.17341  -1.45835  0.255687  4
-4.18705  -4.25832  2.14161  0
-4.85087  -0.732893  7.66998  4
-1.64193  9.11105  -3.20908  0
4.85563  1.21833  1.46366  4
-7.11176  -1.48573  -0.750034  0
2.74951  0.308965  -6.62987  4
-6.96312  -6.46476  1.24104  0
-6.84096  -0.881532  0.997895  4
5.43408  2.90691  7.67009  0
-5.39875  -0.700274  -5.00396  4
-6.84737  6.87207  -1.43238  0
0.556476  -0.902478  1.81826  4
0.966884  3.38649  -8.9361  0
3.53944  6.98877  -3.98218  4
-5.05576  -7.78184  3.28262  0
3.26199  7.17488  -5.14022  4
-3.90287  -8.52745  2.81316  0
-2.43489  -2.41799  6.67623  4
7.32486  -6.35548  1.75288  0
-1.1423  -1.08597  4.68249  4
4.90163  -7.14535  -4.53092  0
-4.13271  1.45425  -4.08852  4
2.96686  -6.04199  7.14461  0
7.45538  1.18254  2.20858  4
-6.73677  3.24672  6.4359  0
0.371997  4.18348  2.54627  4
-0.413631  9.82178  -0.198666  0
-0.172499  1.70306  1.15164  4
-4.69325  -7.60053  -4.0654  0
-6.21869  -4.83242  -0.20775  4
