-3.76268  4.37339  1.42512  0
6.16846  -3.28631  1.95465  4
6.37318  3.25992  -3.301  0
2.64066  -2.68197  -5.06407  4
-3.72663  5.28489  -7.03315  0
5.74956  -5.47349  0.390606  4
-3.51899  7.13213  1.3388  0
-1.97627  3.8678  -4.94913  4
6.4476  -1.03991  -7.38291  0
2.31907  4.66575  1.39971  4
5.33939  6.2862  -5.33026  0
-0.733074  7.27894  7.72555  4
-0.0779475  3.26078  -9.2593  0
-0.268689  -2.83317  8.55653  4
4.71931  -8.36336  -2.01375  0
3.7848  3.9208  -5.82438  4
-6.36916  -3.44426  -6.63048  0
-0.578625  0.827048  5.17715  4
0.681197  4.67289  -8.66277  0
-9.04306  -2.3002  -0.602104  4
9.69857  0.399426  1.46514  0
-3.08491  -1.1652  1.16402  4
3.65691  8.33447  0.945011  0
2.55323  1.6694  8.09044  4
-7.3081  3.95322  -5.18277  0
7.09776  4.08928  4.5606  4
2.67186  5.92628  7.28952  0
0.995039  -2.72299  2.48739  4
4.68073  -2.62688  4.90397  0
2.06349  -0.80698  -8.64604  4
9.47846  0.314112  -2.69801  0
-2.29736  -5.50131  -5.74595  4
-0.119557  5.1605  8.36741  0
8.78922  1.28344  -1.41908  4
-5.75611  1.4037  -7.33729  0
-2.6333  -3.13731  0.836491  4
-2.09186  -6.4996  7.05021  0
-7.67356  1.06123  0.576563  4
-7.80581  2.52972  5.4318  0
4.44995  -1.71565  -6.85758  4
-0.0404996  7.90846  -5.42568  0
6.0628  -3.00756  1.2024  4
-5.83531  -0.996404  -7.80461  0
1.04244  5.73974  5.01739  4
-2.66285  9.26659  -1.9344  0
-3.82897  0.810509  -1.78397  4
-1.68396  -9.57364  -1.70217  0
6.39205  1.1684  -0.146235  4
-4.38753  6.1121  6.30382  0
0.0217501  -8.40303  -3.94676  4
1.80446  -2.68763  4.65126  0
-7.61691  5.65999  -1.55085  4
6.9325  -3.61567  5.98117  0
-5.45783  4.4077  -3.90007  4
4.35756  4.01739  -2.7382  0
-6.36744  1.86429  0.799378  4
0.697242  8.84492  1.4316  0
5.03619  -4.68474  -4.51619  4
6.14348  -1.4897  -6.14102  0
0.43969  -5.08658  -1.13085  4
2.2552  7.07249  2.49712  0
-4.58269  -0.579797  -4.45268  4
-2.91987  6.03676  0.332702  0
-0.900176  8.60811  1.79953  4
0.441142  3.72913  1.59817  0
-2.56675  4.83816  1.02556  4
-4.26797  7.1137  -5.28491  0
-7.36094  -2.55493  -1.95094  4
4.18193  -3.30694  5.57942  0
-7.43456  0.599328  1.78909  4
6.89897  3.14384  -6.28602  0
-0.84628  -3.88433  3.09333  4
-3.50828  4.82544  -1.14568  0
7.98479  0.992224  -2.14837  4
2.87278  9.1766  1.91562  0
0.471908  1.85458  3.97782  4
-4.27868  0.692112  0.871765  0
2.41488  9.13342  -0.69221  4
5.42547  7.91507  -2.19948  0
6.97241  -0.61738  0.95458  4
-1.60773  9.0085  -3.68102  0
-1.18733  1.61257  -0.764659  4
-0.882027  -0.633009  7.07222  0
-2.70908  -4.78912  -6.26523  4
-8.28243  -2.54147  1.01492  0
-7.46149  0.0811271  -0.595464  4
3.26448  0.678036  9.23815  0
-1.81581  6.40667  -2.39667  4
-5.13135  -0.552036  -0.545058  0
-8.05012  2.80132  -0.0722755  4
-9.09029  1.51753  -2.98845  0
-0.0484038  5.70688  -1.28235  4
1.95628  -3.19621  1.0229  0
3.73734  2.62794  -6.19253  4
-0.120912  1.65243  -2.07136  0
-3.03361  -2.72797  5.83268  4
3.25364  6.83523  -4.07065  0
-3.78939  7.48063  2.98253  4
-7.22266  0.847563  6.65769  0
4.50784  -1.50533  0.639712  4
-6.37471  1.24843  7.26757  0
2.50421  -3.89943  5.40766  4
7.94281  -4.60031  -3.67576  0
6.318  -1.62217  0.827068  4
-7.18454  4.56917  -4.78459  0
0.958718  -1.01197  2.37978  4
1.25214  -7.99468  -5.61022  0
6.71557  4.93211  2.23104  4
9.76994  -0.138318  -0.972242  0
-3.32834  -1.36479  -7.78626  4
1.16831  9.65502  -1.17119  0
1.61644  2.78005  6.33073  4
3.27504  4.69383  -6.8941  0
7.93008  3.64095  4.01002  4
-1.84684  -9.58341  0.138536  0
-0.6451  5.39881  0.813112  4
-7.14138  -4.16816  5.36609  0
-0.813405  1.28016  -3.10337  4
0.828347  0.273067  9.80381  0
6.53048  -2.47435  5.32642  4
-2.56752  1.47509  8.10579  0
0.142118  -3.85155  5.60638  4
9.03887  1.50277  -1.95248  0
-1.13691  6.64485  1.91778  4
9.5822  -2.17135  -0.198534  0
0.838728  -0.236395  3.08226  4
1.52322  -5.13221  8.28097  0
1.43438  -3.88612  -0.542147  4
-0.778123  -5.72934  2.15683  0
8.38693  -1.30865  -0.431577  4
8.63574  -1.48911  -4.32031  0
-6.4496  4.63759  -2.60884  4
-6.09453  7.03166  3.23371  0
0.578374  -0.14963  -7.56219  4
6.66232  -0.964215  2.13368  0
2.25676  0.389007  1.00994  4
-6.60583  0.757191  7.27983  0
1.4744  0.451243  -7.99017  4
9.05115  2.1192  -3.23994  0
-1.88029  -1.54137  3.73198  4
-2.02971  -7.33292  -6.26013  0
-3.62628  -2.64401  -5.15531  4
-1.71481  -1.05449  -0.454694  0
-1.42558  -1.23141  -7.82102  4
-4.59703  5.00794  -7.05904  0
-1.49071  -1.05298  5.20148  4
8.67883  -2.91062  -3.55582  0
-5.71335  -4.7953  3.93802  4
4.61644  8.61978  0.973506  0
-6.5971  -0.0851425  1.62108  4
5.09109  4.08553  -2.97495  0
2.09627  -0.783536  1.93318  4
5.73984  -1.48323  7.8686  0
-5.59252  -0.529884  -0.857443  4
1.63736  -8.01688  5.41458  0
6.24408  -0.25337  -4.70771  4
2.41951  -8.61536  -3.82304  0
1.40263  2.60682  -0.715185  4
-1.13662  -8.00445  -5.51525  0
-3.88038  7.86778  -0.820917  4
7.4754  1.44736  6.13745  0
-1.96788  -0.284772  0.964948  4
-7.84935  -1.62167  -0.858338  0
3.6761  5.0402  4.21047  4
0.851489  -6.66711  -6.96099  0
4.81258  -2.85157  7.19231  4
2.14098  -9.23883  1.36991  0
8.77458  0.855621  -0.0656418  4
-3.61269  -5.93741  6.0454  0
7.07508  -2.03313  -1.88203  4
-6.7902  -5.31518  4.67163  0
-2.73177  -1.33698  6.56757  4
-1.99266  8.58547  -4.10944  0
5.66095  -0.0202683  4.89942  4
-6.1097  -2.18523  -3.81304  0
-1.5004  2.08613  -5.29431  4
-5.42242  -8.03988  1.76092  0
-7.99085  -1.71504  1.25426  4
6.73705  1.00981  7.10099  0
-4.35869  -1.04145  -8.18214  4
-7.48289  6.30327  -1.05993  0
-0.740832  4.02151  3.89574  4
1.90472  2.4684  -9.07765  0
3.12867  4.97574  -4.81563  4
-5.79744  -6.49188  1.22738  0
3.55036  5.1618  -1.39543  4
-3.80125  -8.33301  3.52303  0
-1.31077  -2.46971  4.57041  4
6.98297  -5.18814  1.1312  0
0.341242  -1.76119  5.98977  4
4.73019  -6.30763  -5.77658  0
-3.08072  0.766757  -7.72943  4
3.35397  -2.28594  5.57075  0
7.04961  -0.388221  3.46287  4
-7.13736  4.40763  5.10978  0
0.0321444  2.88112  3.10308  4
-0.715431  9.54125  2.32501  0
3.05315  1.74437  2.16899  4
-5.31834  -6.60012  -4.71429  0
-3.83157  -1.33512  0.0736737  4
