-1.59706  8.52327  -1.75937  0
9.06836  -2.67484  0.830161  4
4.92754  0.839458  -8.46583  0
2.08545  -5.511  -6.70276  4
-2.21799  4.42504  -8.53475  0
4.0724  -3.72273  0.858939  4
-2.91756  3.02309  2.06835  0
2.45787  3.4421  -3.48116  4
4.70342  -3.21081  -7.6644  0
-1.28705  5.97861  3.3709  4
5.1558  7.40351  -4.04613  0
-0.548815  7.07887  7.91399  4
2.39686  5.92185  -7.01379  0
0.859181  -3.10038  5.21218  4
3.95539  -6.4099  -2.94521  0
2.50441  1.5775  -6.40984  4
-2.80853  -7.13089  -6.16862  0
1.39454  -1.54105  8.27441  4
-1.57174  6.19392  -5.30383  0
-7.41992  -1.66651  -1.05831  4
9.69972  -0.393177  1.6356  0
-3.15188  1.43699  2.50108  4
2.58013  9.35554  1.66245  0
1.55055  -0.3208  6.82413  4
-7.59349  4.16088  -4.67027  0
2.59244  0.881307  1.9819  4
1.33487  3.17056  2.73011  0
7.97286  1.49451  2.45764  4
2.89189  -3.10661  1.88129  0
1.60311  2.79785  -8.83502  4
8.28524  2.69114  -4.42076  0
-2.04152  -4.85951  -3.03397  4
-1.88788  2.72464  9.23854  0
7.24823  -0.959586  1.01958  4
-6.28708  0.864938  -5.71683  0
-8.08602  -1.88848  -2.78361  4
-2.26182  -7.45492  6.00413  0
-5.83397  1.0432  2.47402  4
-9.09627  3.20254  1.63409  0
1.98037  -0.676328  -8.0369  4
1.76757  6.76121  -5.49644  0
5.07868  -2.48116  -0.542448  4
-5.6272  1.21208  -7.94521  0
3.67062  2.5652  4.65684  4
-2.79231  7.87684  -5.1826  0
-4.30315  0.41874  -0.777809  4
-3.15709  -9.04229  -2.23081  0
2.89752  3.70255  2.68568  4
-4.68249  6.76989  5.41903  0
1.75603  -6.66254  -5.81039  4
7.03073  -0.0330635  4.93827  0
-8.20305  3.88246  -1.56399  4
6.74481  -5.37114  4.74358  0
-3.89214  5.0362  -1.67559  4
4.93193  8.4566  1.12345  0
-7.64837  0.785129  -1.46583  4
0.76536  9.41839  2.63405  0
-0.445921  -8.23812  -4.86366  4
7.99696  -1.45752  -5.56546  0
3.66114  -3.13467  2.71813  4
-1.09726  3.25109  1.32466  0
-1.79595  0.56289  -3.85753  4
-4.33018  8.6712  1.0063  0
-1.92834  6.67336  0.927756  4
0.581723  2.24548  -0.584607  0
-2.52607  3.00809  2.8778  4
-4.31194  6.74596  -5.74286  0
-6.82305  -1.09465  -1.80448  4
-0.197214  -3.21765  4.51998  0
-7.14232  2.21744  1.93083  4
5.23331  4.02336  -1.44828  0
-0.708201  -4.02467  4.67238  4
-0.725543  4.66959  0.116359  0
9.15561  0.947901  -2.07713  4
1.89267  7.9735  3.69574  0
2.20857  -0.573326  3.4196  4
-4.05578  -2.78359  0.318912  0
1.82826  7.64208  -0.539768  4
6.58042  5.60161  -4.5336  0
5.77755  -1.53178  1.17651  4
-6.13439  6.8521  -3.45182  0
-5.9206  2.7701  1.36907  4
5.56132  0.144398  2.51993  0
-2.43499  -3.3031  -8.22244  4
-9.34784  -2.84809  0.202823  0
-5.91334  0.136355  1.04363  4
4.56296  -1.65252  8.53605  0
-1.77643  9.31614  1.52811  4
0.424894  -2.7959  -2.45201  0
-8.54481  2.30163  -3.7022  4
-9.78704  0.231636  0.352893  0
-1.1028  4.57959  0.910029  4
0.526611  -4.18315  1.2288  0
5.62286  -0.81274  -6.97104  4
1.0793  -2.45731  -5.49756  0
-1.71059  -1.58673  5.08196  4
-1.1014  5.29754  -4.62744  0
-5.50836  5.08613  -1.6287  4
-6.75788  2.6493  6.62881  0
8.55817  -3.07403  -1.42887  4
-4.92423  1.22253  8.43341  0
-1.05768  -2.57972  8.14094  4
7.94309  -4.60176  -3.64275  0
7.84549  -1.01179  0.105549  4
-8.03433  5.51589  -1.25235  0
2.40216  -2.44887  0.571399  4
1.80529  -5.96903  -5.82559  0
6.30055  4.19297  -3.79602  4
9.40949  -1.61559  -2.07204  0
-4.63578  1.7198  -4.62808  4
2.71474  8.90091  -1.95196  0
4.40926  5.42004  4.68015  4
2.17622  8.18301  -4.83714  0
9.36925  0.606429  1.23797  4
-0.477869  -9.79763  -0.118385  0
0.768202  6.07306  3.43536  4
-5.53228  -6.52276  2.64492  0
4.71352  -2.7515  -5.01767  4
0.676375  -0.184998  9.59691  0
5.88459  1.28164  7.42695  4
-6.81231  -0.821589  7.04793  0
1.05052  -4.07443  7.42108  4
4.9309  1.97852  -4.382  0
-2.14954  5.67572  -2.11019  4
8.58648  -4.75194  -0.733775  0
2.14077  -1.22408  4.24556  4
5.72436  -5.14646  6.12707  0
0.368989  -1.81012  0.148844  4
-2.58219  -9.42259  0.900158  0
8.42293  -3.13045  -0.483885  4
9.4029  0.333032  -2.89228  0
-2.905  8.88274  0.590603  4
-5.31128  7.87803  2.08067  0
1.58914  0.729703  -8.50512  4
4.75878  1.77319  4.79137  0
3.0326  -3.0188  -1.03046  4
-3.99486  6.11574  6.63829  0
1.11494  -2.35838  -8.6675  4
5.4238  1.65879  -7.83616  0
-2.33585  -0.000527858  2.66346  4
-2.85383  -4.51214  -8.26599  0
-4.57216  -1.16812  -7.9094  4
0.572077  -0.527571  1.59977  0
-0.801553  -2.72125  -4.76289  4
-4.91363  2.75429  -7.94799  0
-0.401087  -2.36215  6.17691  4
8.89443  -2.70987  -3.15846  0
-4.33252  -1.1642  4.64174  4
7.23684  6.52839  -1.27677  0
-7.88257  -0.356107  3.68141  4
8.92448  3.34875  -2.36364  0
4.21915  -1.36164  -0.492088  4
2.94106  -3.00577  8.87155  0
-7.11859  -1.10169  -0.474536  4
-0.399273  -6.57959  7.30778  0
7.52524  -1.81624  -1.92765  4
1.50728  -7.99498  -5.42271  0
0.835431  -1.75216  -4.5866  4
1.73904  -6.78766  -6.96175  0
-7.0921  5.44451  -3.24953  4
7.94911  1.90588  5.40176  0
-3.50476  -3.64393  1.02213  4
-8.01995  -3.61274  -2.85594  0
2.71842  4.29654  3.23381  4
1.50628  -6.11944  -7.58111  0
6.46086  -1.49008  6.26551  4
2.53571  -9.32833  0.602344  0
4.67322  1.29833  1.34841  4
-5.06596  -3.8257  7.53721  0
3.59687  -3.40881  0.938107  4
-2.76514  -3.99816  4.60146  0
-3.84531  -0.163544  8.16781  4
-2.59016  9.14656  -2.64144  0
4.698  1.56222  2.14411  4
-7.80644  -1.86205  -2.06412  0
-0.170191  0.0697484  -7.22523  4
-6.70373  -6.88485  1.9627  0
-6.71004  -1.40895  2.69455  4
6.92251  3.90095  5.78317  0
-6.74576  -2.59434  -3.14194  4
-5.61181  7.64237  -1.75343  0
-0.184306  0.768666  1.17132  4
-0.0061037  2.84781  -8.21606  0
3.07141  6.30363  -3.69144  4
-5.00794  -7.70108  1.13433  0
1.6799  2.55925  -5.16882  4
-3.33059  -9.13003  1.82422  0
-2.43156  -1.14742  5.91652  4
6.91956  -6.99498  0.229278  0
0.826809  -1.53145  2.20122  4
2.38044  -6.30946  -7.07722  0
-7.1293  4.59571  -1.21849  4
3.33661  -3.4432  8.61507  0
8.19051  1.77147  0.52833  4
-6.44714  4.2529  6.09739  0
2.79347  0.700686  -2.34439  4
-0.846249  9.78268  0.839417  0
0.0462447  2.27698  1.89568  4
-4.69608  -7.80332  -3.64884  0
-7.368  -3.40169  -0.0717776  4
