0.430244  3.15547  4.101  0
6.07518  -0.546515  0.464805  4
2.40476  -0.689091  -9.52461  0
3.65483  -6.40447  -6.09517  4
-2.59301  6.30911  -7.09305  0
1.33011  -5.17485  3.85692  4
-9.18226  3.03473  1.82411  0
6.89934  2.63031  -2.48374  4
6.95191  -2.07629  -6.56565  0
-2.32386  6.31767  2.9476  4
6.49062  6.60699  -3.21636  0
-0.0920022  7.12013  7.9176  4
3.76439  1.6946  -8.97373  0
0.0211497  -2.26142  8.03755  4
5.90813  -5.80404  -5.21813  0
1.3734  -0.758341  -8.36509  4
-2.77061  -5.72771  -3.93319  0
0.909849  1.8743  8.42646  4
-1.52535  9.05382  -3.47395  0
-8.27292  1.02087  -0.220466  4
9.75422  0.0811989  0.925824  0
-5.99941  0.915233  4.35023  4
0.811698  7.90779  3.13264  0
-0.202686  -1.36817  7.68479  4
-7.99068  5.0272  -2.76908  0
6.36266  2.45923  4.71377  4
1.03362  3.56769  7.39005  0
8.05251  3.25946  1.84633  4
5.61106  -3.30357  -0.865807  0
-1.27423  2.28232  -6.34255  4
7.07231  1.9704  -6.53923  0
-4.8143  -0.17518  -0.843637  4
-1.07677  3.76432  8.86479  0
7.61667  -0.940605  2.13061  4
-5.75619  7.86474  -1.41518  0
-5.84828  4.51757  -1.61487  4
-0.862726  -5.03585  8.36591  0
-8.13053  -0.64901  2.11613  4
-8.40826  4.52562  1.90641  0
0.16788  0.234884  -7.00033  4
1.8071  6.54785  -7.08687  0
7.42696  -1.0433  -0.527763  4
-7.14687  3.18916  -5.94072  0
1.7724  0.627165  2.24152  4
-3.09263  8.13089  -0.225034  0
-3.55896  1.44828  2.55526  4
-2.85477  -9.24148  -1.9435  0
1.29581  2.278  6.90998  4
-5.58974  6.16114  4.67807  0
0.792443  -8.46984  -2.67311  4
3.61342  5.11597  6.67883  0
-7.05067  0.619353  -0.492142  4
6.39717  -4.35916  6.00631  0
-0.820327  2.80435  -4.42194  4
6.20358  7.42472  1.02593  0
-6.78648  0.900556  -0.94704  4
-0.700504  9.38807  2.84427  0
0.0723683  -5.11316  -1.83655  4
8.4685  0.586722  -4.89762  0
0.91521  -3.63169  1.62085  4
-4.19835  4.14238  2.18384  0
-0.685876  4.10642  -6.08008  4
-3.87611  8.41087  -1.08996  0
-3.02335  8.00284  -0.699194  4
1.24976  1.32289  -3.60592  0
2.41097  5.80502  0.982766  4
-5.92631  6.98756  -3.59602  0
-4.89419  -4.46864  -5.97679  4
1.26612  -6.70353  7.07108  0
-6.11699  4.88484  2.41681  4
3.46762  4.45816  -3.31875  0
-1.95855  -4.6965  5.28453  4
5.03219  4.6787  4.16992  0
4.54886  7.64258  0.315491  4
1.76688  8.11059  3.85288  0
-1.66804  -4.55797  7.16964  4
-5.52643  -4.37066  3.70398  0
-0.842966  9.39377  0.16485  4
3.2299  2.77271  -5.26202  0
3.62348  -3.16912  -0.446846  4
-7.77784  5.63107  -1.69597  0
-6.97796  -1.45766  3.23808  4
5.70836  4.54122  2.73653  0
0.291204  -0.488941  -8.00727  4
-9.21807  -3.10487  -1.4859  0
-7.5417  1.00562  0.415377  4
5.62339  -2.61743  7.67141  0
-3.91072  5.47502  5.17519  4
3.49126  1.88273  -3.65335  0
-4.37733  3.94184  -2.8041  4
-8.06744  -1.82495  -1.88055  0
-0.69462  3.71184  3.99476  4
-3.60067  -1.10696  2.36835  0
3.67727  -0.338599  -7.0275  4
1.12731  -5.33706  -4.09472  0
-1.46939  2.18005  6.00787  4
3.11127  6.65132  -6.50461  0
-4.54472  5.93622  -4.81071  4
-7.17478  -0.319905  4.6584  0
8.70322  -3.17688  -0.927719  4
-2.49567  1.29585  9.43525  0
-0.902356  -0.512287  6.98308  4
6.92359  -5.12643  -4.75146  0
8.66479  -1.89113  1.75534  4
-7.63336  5.36882  0.825975  0
6.13188  0.906764  0.437815  4
1.27243  -5.15242  -8.28734  0
4.26093  4.45132  -4.17877  4
9.22046  -1.73023  0.736319  0
-7.27656  0.485798  -2.44362  4
4.70828  8.13327  -2.08429  0
0.15419  7.62812  1.55999  4
3.25605  8.34081  -3.43466  0
7.86647  1.19397  3.03187  4
-1.60749  -9.22717  -2.09275  0
-2.24506  3.01436  5.78399  4
-4.6136  -7.20328  4.80829  0
3.47824  -4.29951  -1.87025  4
2.5103  2.66081  9.11749  0
2.13211  2.64801  1.16895  4
-7.39164  -1.04128  6.02789  0
0.82777  -1.61049  7.29807  4
6.42041  2.68106  -4.44137  0
1.93852  9.06201  0.430247  4
9.17175  -3.2492  -1.40013  0
4.71824  -0.3981  7.95155  4
2.86983  -1.90251  9.24526  0
-0.138689  -8.20743  3.55487  4
-1.35658  -8.37417  -3.19417  0
5.72753  -3.66064  1.64164  4
8.5188  -1.54961  -4.45398  0
-1.42731  6.15228  -2.73067  4
-4.93258  8.40236  1.63065  0
-0.504481  0.522551  -9.04804  4
5.01115  5.09657  6.77847  0
0.971432  -1.54738  -4.48213  4
-1.42259  7.23954  6.55715  0
-1.00287  -2.54917  -8.80335  4
5.32524  1.76715  -8.0395  0
-8.76992  -0.109991  -1.26525  4
-5.15993  -4.22609  -7.20827  0
-4.67506  0.60123  -3.2329  4
3.15318  -6.42331  1.51604  0
-0.198472  -2.13829  -8.38821  4
-4.0175  1.96725  -8.59942  0
-2.85533  1.24543  7.69421  4
3.03663  -0.598881  -4.00173  0
-5.71308  -1.9311  6.35345  4
4.87047  4.17441  -2.23009  0
-6.84826  2.37361  3.99874  4
9.30392  2.85301  -1.42391  0
6.60368  -5.24443  1.14854  4
2.70681  -4.27735  8.43827  0
-5.86511  2.27322  4.28584  4
0.945295  -8.75146  4.42932  0
5.54145  3.05362  -4.70539  4
-0.811469  -8.54192  -4.76223  0
0.177035  -0.546676  -9.3893  4
3.27859  -5.36048  -7.57622  0
-7.12179  3.24742  -5.18088  4
5.01127  0.655579  6.31223  0
-6.48673  -6.13542  1.00551  4
-7.29415  -4.53445  -4.52567  0
2.97463  7.11356  3.87636  4
3.91202  -2.15133  -2.40596  0
3.56222  -1.00601  8.0409  4
1.43092  -8.19105  -2.65818  0
4.89695  -0.734979  -0.292447  4
-4.47872  -3.75504  7.84  0
3.62519  -3.67212  6.16597  4
-0.79378  -3.12301  4.12972  0
-4.07857  -1.51003  6.36651  4
-1.4954  9.71241  0.578401  0
-0.329709  0.574352  0.0262789  4
-8.64569  -3.84471  -2.57806  0
1.97469  1.22973  -3.82396  4
-6.39248  -7.35992  0.282832  0
-8.90445  -1.03242  2.18822  4
3.48483  6.72819  6.24737  0
-3.64931  -3.47754  1.187  4
-6.90541  5.99169  -3.63512  0
4.05966  -1.99385  2.49692  4
-2.93805  4.1778  -8.40512  0
1.67853  5.86102  0.503553  4
-3.62858  -8.82083  -0.330272  0
-1.31774  3.7771  -2.91092  4
-2.93174  -8.67666  3.48524  0
1.22345  0.812086  8.19449  4
6.91506  -6.95639  -0.814909  0
-1.58584  -2.69935  3.82627  4
2.85256  -3.28465  -8.41193  0
-6.75789  6.13847  1.13079  4
1.63775  -7.21432  6.21082  0
6.92072  -1.88169  0.43315  4
-7.20389  5.34391  4.06646  0
4.87478  -1.9826  -6.06536  4
2.47231  9.4888  0.871077  0
0.387957  3.28266  -3.4147  4
-5.31843  -8.11201  -1.729  0
-8.49515  -1.681  -3.9212  4
