0.382419  5.95182  4.76325  0
8.96672  -0.53146  0.160709  4
-0.316782  1.84988  -8.66894  0
2.05669  -5.03821  -3.44359  4
-1.20747  6.8745  -6.97139  0
3.96447  -3.02801  1.42365  4
-9.09145  0.748679  3.19429  0
7.77929  -1.53767  2.11142  4
9.02998  0.309448  -3.67342  0
-8.31885  2.81564  0.0721603  4
4.6301  6.49127  -5.68493  0
0.354956  6.44585  8.45832  4
4.91538  0.773691  -8.49866  0
-1.80084  -0.0137093  7.05518  4
4.21422  -6.81793  -5.72947  0
7.6909  -0.773658  -1.4972  4
0.063381  -5.01484  3.31176  0
-1.12259  4.81045  6.21518  4
1.12737  5.33446  -1.25616  0
-8.42596  1.39286  -1.26868  4
9.01655  -2.29614  3.08532  0
-2.1392  4.85503  1.77694  4
-1.07009  9.22223  3.26194  0
-0.239256  -1.74395  4.30076  4
-9.58637  0.289135  -2.31118  0
3.35475  -1.4563  2.44149  4
0.0660589  4.22818  4.50831  0
9.09316  1.48552  0.615019  4
7.12376  -5.44244  -3.91097  0
-3.73115  -4.14462  -6.05957  4
7.26756  2.97912  -5.919  0
-6.27835  0.428165  0.839832  4
-1.88044  -0.0269691  9.65839  0
8.12843  1.66517  -3.96907  4
-4.2539  8.64632  -1.77796  0
-5.89646  1.58562  -2.36698  4
1.1434  -5.84642  7.72907  0
-6.60926  -0.128498  1.91779  4
-6.73547  4.7335  5.27016  0
1.70581  -2.86868  -8.81083  4
1.86948  8.29023  -5.00218  0
9.29388  -0.477977  1.35695  4
-7.27254  -0.193877  -6.66396  0
2.55973  1.26477  3.75707  4
-2.91617  8.94717  2.88262  0
-2.00906  -0.869324  2.61773  4
-3.35122  -8.25023  -4.25361  0
-1.38738  0.357338  0.98282  4
-4.05207  7.2945  4.83007  0
1.68513  -6.45601  1.25586  4
2.53118  -1.68702  2.32279  0
-7.64563  5.23726  0.554155  4
5.52756  -2.72405  4.24796  0
0.503182  0.668968  -8.23928  4
4.47089  7.42384  1.39149  0
-3.81451  -2.20549  -1.48919  4
-0.131199  6.89493  6.9561  0
-1.84458  -3.7275  1.45536  4
9.79142  -0.400425  -0.974897  0
-2.24135  -3.07339  6.09964  4
-5.47179  1.9336  7.77451  0
0.648719  2.44423  -5.65487  4
-3.42696  4.80781  4.41138  0
2.55207  6.45122  -3.96397  4
1.97909  -0.0145599  0.718542  0
-1.8202  0.138599  6.4168  4
-6.20703  4.49533  -5.19104  0
-0.192827  -3.31463  -4.89897  4
-0.0366786  -7.83177  6.06987  0
-3.36564  -0.335765  5.57871  4
5.50055  3.6353  -2.06067  0
1.08341  -2.02691  3.85375  4
7.5873  6.0558  -0.500808  0
3.03867  2.60951  2.55726  4
0.641943  8.39852  5.10359  0
2.77994  -2.58403  6.87199  4
-8.0006  -4.49753  3.50921  0
0.647292  8.96754  3.22812  4
7.76065  0.785553  -6.00397  0
7.0501  -0.653171  -0.601597  4
-6.64185  6.72734  -2.66458  0
-2.76115  -3.39702  5.79084  4
7.69926  -0.946946  5.98747  0
0.705571  -2.68893  -5.33602  4
-9.33208  -2.95411  1.23392  0
-3.56535  0.108236  -2.01876  4
3.44443  -2.73216  6.20532  0
-5.43839  2.42184  3.83313  4
4.43277  -2.06675  -3.20992  0
-1.79919  0.933242  -0.439026  4
-7.72596  -3.47029  -4.98079  0
-0.985309  1.56756  1.41024  4
-4.18371  -4.62646  4.2469  0
5.43876  -1.1141  -4.50833  4
0.922047  -6.70702  -5.89588  0
-2.02064  2.98515  4.72779  4
1.47289  6.97192  -6.69931  0
-2.26929  2.91714  -7.01805  4
-7.83435  -5.45669  2.19201  0
6.41808  -3.95847  -2.95552  4
-1.6206  2.27323  6.24512  0
-1.01645  -4.14539  7.85512  4
5.42521  -7.56038  -2.30722  0
5.31056  -5.13943  1.95251  4
-7.12139  6.65789  -0.176062  0
8.39919  3.39189  1.69469  4
2.38146  -6.40904  -6.89917  0
2.42523  0.149719  -6.96569  4
9.80219  0.698392  -0.968776  0
-4.02464  0.097017  -3.32487  4
5.92713  7.15467  -3.29774  0
0.710743  9.00757  1.86166  4
1.91941  9.65246  -0.381979  0
6.90569  -1.26423  3.38936  4
-1.90535  -8.73061  -4.11544  0
-0.465  5.11732  4.76271  4
-4.2225  -6.39775  6.11856  0
1.43217  -9.04268  -1.63328  4
2.54245  3.4065  8.61718  0
4.64298  1.85865  -1.62044  4
-6.32416  -1.48198  5.65946  0
0.963599  -2.28472  6.12584  4
8.84028  3.80345  0.823205  0
3.66051  5.866  1.52436  4
5.07147  -0.1998  3.47989  0
6.59528  -4.14942  5.17529  4
-0.00364142  -3.41895  9.22866  0
-1.9513  -4.94064  4.55636  4
0.330676  -8.33666  -4.9617  0
5.675  -0.975172  6.03199  4
8.44585  0.796367  -4.8925  0
-0.483417  2.59123  -1.40925  4
-7.79069  5.95853  0.673967  0
0.286891  3.7414  -6.06838  4
4.87024  6.84446  4.96895  0
-4.32267  -2.75991  -6.27399  4
-0.505711  5.29513  8.30569  0
2.47016  1.53649  -8.21162  4
7.27734  0.27866  -6.44891  0
-8.77086  -1.31906  0.168884  4
-5.78763  -0.923758  -7.90139  0
-2.18733  -2.63163  -8.33998  4
5.01431  -8.29219  1.40405  0
-0.56363  -0.828968  -8.48572  4
-2.30711  4.50561  -8.44673  0
-1.31271  -0.706354  6.64722  4
-3.24795  1.20927  -2.83449  0
-4.03137  -3.86935  4.79053  4
5.50841  2.74538  3.28298  0
-7.79238  2.33776  2.89307  4
8.36453  -1.50742  -4.45873  0
3.30332  -4.85981  2.88496  4
3.63276  -3.37715  8.48608  0
-6.21126  0.387826  4.85604  4
1.6635  -9.33358  -2.52887  0
7.15799  5.58475  -0.339024  4
0.683131  -7.63185  -6.18749  0
-2.85496  -1.96364  -8.24375  4
3.2809  -1.60413  -9.03295  0
-6.54535  -2.85503  -4.67211  4
3.72059  5.41567  7.31977  0
-0.977318  -8.02767  -3.76357  4
-6.09923  -6.83902  -3.41888  0
0.437885  3.56428  7.13018  4
-2.00801  1.02399  -1.65917  0
2.15695  -3.78308  8.15675  4
3.2106  -8.22347  -4.40548  0
6.60964  1.86032  1.04853  4
-3.22896  -3.87956  5.96534  0
-0.80982  -3.12512  2.65318  4
-2.412  -3.73067  -1.47293  0
-2.48186  1.04264  9.11641  4
0.598039  9.55  2.13943  0
-0.324326  -4.78293  1.41036  4
-4.18121  -6.90671  -5.58299  0
2.79526  2.90862  -3.28703  4
-4.1193  -8.33378  2.02838  0
-7.97301  -1.57802  4.13355  4
4.26869  6.56258  5.98429  0
-6.73322  -6.11664  2.00679  4
-6.88473  6.31682  -3.01413  0
5.87631  0.271833  0.937524  4
-0.723199  5.7563  -6.67515  0
5.29034  4.50066  -2.31048  4
-2.87612  -9.33932  0.2599  0
0.331114  5.74498  0.0865408  4
1.33986  -7.52066  3.66735  0
1.33609  0.466836  2.60228  4
6.24994  -7.14797  -2.46682  0
1.03011  2.74427  4.49252  4
3.97527  -2.3634  -5.71516  0
-3.49829  6.17332  4.06755  4
3.67845  -2.66292  8.74674  0
4.33808  -5.01264  -0.997375  4
-9.14971  2.72924  2.41259  0
1.48381  -7.34748  -3.83778  4
1.13498  9.7157  0.391667  0
0.202587  1.8295  -6.92377  4
-4.98419  -8.46577  -0.858457  0
-7.58527  -0.750608  2.88257  4
