0.270553  5.58387  4.54439  0
7.43529  0.379398  -0.752658  4
-1.0351  2.90311  -9.28519  0
1.29843  -4.75896  -3.6355  4
-2.23979  6.22046  -7.2408  0
4.00087  -2.03856  0.529855  4
-9.35056  1.90889  2.34014  0
8.54009  -0.732628  2.24265  4
8.95756  -0.565213  -4.01877  0
-7.50351  5.87264  -0.215606  4
5.6792  6.15164  -5.16314  0
0.354956  6.44585  8.45832  4
4.81423  0.784348  -8.53225  0
-0.34565  0.255412  8.07032  4
4.33878  -5.63837  -6.74112  0
7.04675  -0.776555  -4.83609  4
-0.995046  -5.43797  0.48484  0
-0.420294  4.0844  7.28683  4
0.0408712  6.51073  -0.754058  0
-8.25195  1.69391  -0.606655  4
9.67185  -0.421009  1.68875  0
-3.74272  3.63742  2.54967  4
-0.609342  9.08549  3.68279  0
0.0697537  -0.208487  5.72153  4
-9.36057  0.872425  -2.96139  0
2.86447  -0.044416  3.107  4
-2.33779  2.79541  2.91679  0
8.98296  1.19617  0.1647  4
5.76001  -6.69388  -4.37233  0
-1.77238  -2.10998  -6.78178  4
5.96578  3.7302  -6.75046  0
-4.13204  1.35727  2.35417  4
-1.93568  -1.12871  9.56406  0
7.0813  0.13472  -3.69821  4
-4.61132  8.5792  -1.41361  0
-6.44221  4.35526  -3.11719  4
2.05623  -5.21796  8.10776  0
-7.24983  -1.78405  4.11986  4
-7.23677  4.71017  4.68662  0
1.98428  -1.41955  -9.18313  4
1.48314  8.65422  -4.28459  0
8.7659  0.0254258  0.834034  4
-7.35116  0.189352  -6.50992  0
2.96205  1.07415  1.57272  4
-2.60409  8.75614  2.1639  0
-0.456238  0.950911  1.78317  4
-4.3726  -8.29248  -3.0092  0
1.04295  -0.159266  3.1954  4
-3.51511  6.95134  5.93793  0
-0.589056  -7.46772  -0.326214  4
3.15211  -0.946854  5.24216  0
-6.40713  4.64123  3.76942  4
6.34009  -4.11903  3.42289  0
0.692672  1.29105  -6.80156  4
3.30536  6.35357  1.20908  0
-4.84271  -5.269  -0.630425  4
-1.07439  7.6791  6.04857  0
-0.845703  -2.85615  -0.42886  4
8.1929  -0.519564  -3.49004  0
-1.7402  -4.77893  7.30706  4
-5.41634  2.31631  7.86815  0
0.750674  2.86919  -5.80246  4
-4.45687  6.3587  4.83524  0
1.52513  5.14352  -3.40594  4
4.11711  1.87664  -0.144867  0
-1.90494  1.40418  7.02767  4
-4.85164  6.07446  -6.02835  0
-1.68018  -3.92198  -3.60474  4
0.573004  -8.27751  5.22422  0
-5.13014  -0.385867  2.97843  4
4.28575  3.3648  -2.93052  0
1.686  -2.48163  6.67971  4
8.5215  4.59893  -1.29495  0
2.88607  5.98217  1.31486  4
0.535328  8.76058  4.41329  0
1.98877  -4.14774  7.98164  4
-8.0392  -3.99545  3.92717  0
-2.71701  7.68453  5.00255  4
6.56066  1.43508  -4.85822  0
5.46436  -1.19169  0.308539  4
-6.59704  6.65141  -3.07128  0
-5.21029  -2.36997  5.87337  4
8.53511  -0.390372  4.74378  0
1.67827  -2.2973  -4.68786  4
-8.88045  -2.90383  1.8338  0
-4.88297  0.476475  -2.25973  4
4.11278  -3.5614  6.698  0
-5.62128  3.40111  4.13621  4
3.68491  -2.3157  -2.41109  0
-0.798751  3.57646  -1.68915  4
-8.39436  -2.13719  -4.64579  0
0.0357009  2.53557  2.87999  4
-4.06508  -3.99551  1.45976  0
6.09873  -0.977316  -4.97565  4
0.0279771  -7.24852  -6.59849  0
-2.14464  2.7323  6.11316  4
1.88384  5.59329  -7.87334  0
-2.6486  3.08852  -7.73391  4
-7.91435  -5.30439  2.38497  0
6.07813  -1.55657  -1.6241  4
-2.62181  2.20029  9.23681  0
-1.22634  -2.83443  8.28736  4
5.56848  -7.74896  -2.31885  0
6.02442  -4.91518  1.3698  4
-8.13557  5.50404  0.070749  0
8.37556  2.92911  0.103588  4
0.880319  -6.79471  -7.04432  0
1.94501  1.45477  -7.76443  4
9.61907  0.978405  -1.77049  0
-5.3946  0.591295  -0.839029  4
5.92463  7.55392  -2.30328  0
-1.1562  8.84065  2.97241  4
2.41304  9.56244  0.000423056  0
8.22784  0.136639  3.19741  4
-1.29547  -9.16668  -3.25351  0
-1.94051  4.12515  4.83622  4
-3.57162  -7.20214  5.68207  0
2.14076  -6.8489  -2.57743  4
2.03986  1.36336  9.47626  0
3.78167  3.90047  -1.31128  4
-7.35991  -0.946047  4.56966  0
0.384932  0.392531  5.81908  4
8.36681  3.45409  -0.531533  0
2.43467  8.29294  2.80758  4
5.39534  0.609495  3.04443  0
6.09128  -0.377627  4.13496  4
0.748289  -2.97555  9.06622  0
-1.20243  -4.70576  2.65586  4
-1.15495  -8.43805  -4.80687  0
6.65117  -2.03468  5.77103  4
8.37127  0.0433189  -5.07408  0
-3.06623  2.85876  -2.96701  4
-6.75079  6.20165  1.85571  0
0.155818  3.25548  -8.4459  4
4.63288  6.76131  5.51974  0
-4.09306  -1.7431  -6.712  4
-0.649598  5.35489  8.18189  0
1.9322  -0.953627  -8.63183  4
5.27797  -0.541564  -8.27318  0
-6.94757  0.246579  2.08469  4
-6.27876  -2.5364  -7.11879  0
-3.33978  -0.321392  -8.9699  4
4.65114  -8.0858  2.95789  0
-0.636111  -0.646117  -6.94894  4
-2.76626  4.94318  -7.88327  0
-2.28963  -0.305162  6.99566  4
-1.11483  1.70448  -4.0509  0
-4.34261  -4.33715  4.84253  4
5.85295  2.34579  3.73261  0
-8.9272  2.53936  2.26738  4
8.8157  -1.33469  -4.04921  0
2.08252  -5.03078  3.25511  4
3.04111  -3.94867  8.37853  0
-6.27648  0.65845  5.68251  4
2.40304  -9.22881  -2.1372  0
6.82726  5.06256  -0.469348  4
-0.197051  -8.49047  -3.61774  0
-2.1754  -2.04791  -8.1587  4
3.08551  -3.13656  -8.74685  0
-6.35838  -0.819318  -5.53161  4
2.64866  5.5567  7.6503  0
-2.75352  -8.51459  -2.51918  4
-6.32428  -5.19209  -5.39094  0
2.50334  4.66093  4.58778  4
-2.37757  1.48894  -3.76346  0
2.62138  -4.88038  7.00249  4
3.62807  -8.23646  -3.93984  0
7.82263  0.634231  0.0445787  4
-4.12635  -4.04252  6.671  0
1.0045  -2.82758  4.12835  4
-2.36263  -4.58996  -1.80931  0
-1.47478  0.500028  9.09688  4
0.598371  9.48269  2.00338  0
-0.476879  -5.11592  0.689044  4
-4.95957  -7.10366  -4.37819  0
1.72487  2.34583  -3.72347  4
-5.68646  -7.89943  1.552  0
-6.08445  -1.47408  3.31446  4
4.80429  6.30535  5.85279  0
-5.59771  -5.83171  2.0754  4
-7.62354  5.68167  -2.67373  0
6.06298  0.587196  2.17737  4
-2.58371  5.46125  -7.7405  0
3.69079  4.94793  -4.32826  4
-2.63511  -9.44954  0.4424  0
-3.99996  3.7209  1.60618  4
-0.825649  -7.40034  4.31002  0
0.969694  0.437449  4.90204  4
7.35117  -6.23174  -1.62148  0
1.09104  0.866262  5.34722  4
2.95482  -3.47151  -5.52712  0
-5.02167  6.0921  5.05645  4
3.4025  -3.43037  7.92048  0
4.74149  -4.85162  -2.50552  4
-8.79936  3.05262  3.0357  0
3.74733  -6.25383  -4.42257  4
0.817867  9.71609  -0.141753  0
-1.90198  0.909769  -4.14184  4
-5.65931  -7.914  -1.70214  0
-7.62926  1.43286  1.21807  4
