4.91593  7.88737  3.36878  0
8.33784  -4.09369  0.206772  4
1.17347  3.53866  -9.02217  0
0.147804  -7.19447  -3.63165  4
-1.75467  6.30424  -7.3664  0
6.18909  -1.54776  5.5439  4
-7.97949  -1.31473  5.37584  0
8.12705  2.77261  -0.812435  4
8.83935  0.328143  -4.04232  0
-8.20823  0.544894  0.568362  4
4.88483  5.62143  -6.15778  0
1.18453  7.2341  7.70525  4
7.57089  0.992908  -6.2111  0
-1.96704  -1.90603  8.27928  4
4.01165  -3.03938  -8.30709  0
8.46848  0.0265582  -2.51815  4
1.64168  -4.55952  4.8966  0
-0.561601  5.16391  3.50106  4
0.839384  5.63179  -0.359441  0
-3.29723  0.0643964  0.599173  4
9.84881  -0.0137792  0.455476  0
-0.246257  6.87816  1.10431  4
-3.5085  9.15201  0.544897  0
6.5155  -3.54238  2.00868  4
-8.87707  3.36544  -2.40359  0
-3.98433  -5.24004  2.30901  4
-2.39082  6.05757  7.39449  0
4.38546  2.25458  2.5129  4
6.09002  -6.18003  -4.68777  0
-6.80798  -1.37297  -5.35639  4
5.47035  -0.588111  -2.32706  0
-6.05065  2.18507  -0.819466  4
-3.07023  -1.30701  9.26283  0
6.54861  1.22091  -5.95701  4
-6.35414  6.22584  -2.62322  0
-5.15127  -0.376444  -1.4966  4
-0.0792224  -4.92409  8.49464  0
-4.94983  -0.58814  -4.59766  4
-8.16032  2.66582  3.95577  0
1.98865  1.03933  -7.17622  4
2.76056  7.23527  -4.45304  0
9.00031  -2.17941  0.635657  4
-6.48738  -3.06226  -6.14876  0
1.61902  1.5522  4.39778  4
-1.26495  8.35388  1.11465  0
2.48685  0.826458  1.60439  4
-2.52697  -6.36249  -6.95016  0
0.902955  -3.66147  -1.35883  4
-5.33618  6.36791  5.25888  0
4.12347  -6.04839  3.84335  4
2.19922  -5.21087  4.44548  0
-5.73053  4.84883  -4.56318  4
2.83401  -2.57364  5.98901  0
0.872753  1.20593  -7.13389  4
4.25365  8.74444  1.23674  0
-3.14671  -3.8164  -5.77897  4
-1.13367  6.086  7.65514  0
-4.70204  -6.02544  3.00447  4
9.3648  -2.7963  0.850601  0
-2.33296  -1.96732  8.77895  4
-5.09802  4.15293  7.3631  0
0.140212  3.86727  -5.43726  4
-0.465376  3.62632  4.26684  0
2.86346  2.06688  -5.85892  4
3.50671  -2.39799  0.925952  0
-3.90731  -0.814978  6.86332  4
-7.49702  3.43384  -5.33187  0
2.24721  -1.21077  -4.67413  4
0.401801  -5.95806  7.85197  0
-1.18474  -3.09692  6.25232  4
9.40411  0.246423  -2.79079  0
-1.18185  -5.16822  2.53635  4
5.77542  6.74251  -1.58777  0
3.06476  -0.314191  2.96914  4
-0.403251  8.71077  4.60704  0
2.67041  -3.58479  4.59945  4
-4.70833  1.96397  0.85336  0
3.33856  6.64268  2.30523  4
5.26109  3.83912  -4.95608  0
6.53509  -0.158737  -0.62341  4
-5.1723  7.753  -2.98554  0
0.940071  -5.31611  4.87497  4
6.17872  -1.65602  4.67539  0
-0.537543  -2.98341  -6.67544  4
-6.85967  -5.05536  -0.280968  0
-4.85685  -0.040634  -5.01471  4
4.28028  0.667854  7.59144  0
-5.53053  4.289  1.21073  4
5.12053  -1.64913  -1.23716  0
-0.812505  1.09561  -5.81653  4
-7.73046  -4.28947  -4.23562  0
-4.67406  -2.32113  -0.707064  4
-4.2424  -8.09699  3.44208  0
6.77655  -3.74629  -1.7326  4
2.48491  -6.09428  -7.32288  0
-4.44685  4.28729  0.83765  4
1.42465  8.20053  -5.21371  0
-0.538982  7.41373  -3.19088  4
-8.43841  -4.5924  1.85165  0
4.47873  -1.25091  -3.44791  4
1.61312  1.7912  5.47561  0
-0.16757  -2.48615  8.59045  4
3.86706  -8.58009  -2.1879  0
6.56182  -2.35946  -0.169824  4
-5.93999  7.81233  0.741799  0
4.89848  3.74314  2.15597  4
4.1654  -5.82796  -6.68731  0
3.31069  -0.984195  -1.56242  4
8.615  3.48014  -2.76921  0
-3.41144  0.771622  -8.50061  4
5.22449  6.69815  -5.01663  0
-0.0165281  7.5738  -3.3081  4
1.71587  9.27487  -2.63109  0
3.99367  -1.13625  1.15667  4
-2.9485  -9.29123  -0.317566  0
2.70654  5.17338  6.04597  4
-3.87743  -6.22119  6.47178  0
3.75937  -7.7147  -3.49617  4
0.0212068  2.628  9.46661  0
2.36575  0.500565  4.20148  4
-8.37432  -2.50876  4.3889  0
2.92343  -2.10037  8.2256  4
9.39572  2.35816  0.712839  0
2.98332  7.70046  4.70109  4
3.83262  1.03514  1.25215  0
6.68157  -2.42431  1.45868  4
2.71112  -5.75192  7.51599  0
1.98267  -0.626784  8.28865  4
1.10206  -6.25568  -7.48495  0
3.91715  1.87426  5.98921  4
8.86095  1.83634  -3.5121  0
2.35808  7.24408  -3.73974  4
-8.30591  5.13675  -1.29388  0
3.8976  5.93244  -2.55311  4
5.42884  6.75542  4.74821  0
-4.01653  -3.5574  -5.18998  4
-3.572  7.516  5.19511  0
0.221926  -0.924206  -6.0965  4
7.69598  -0.544706  -6.05067  0
-4.57366  -0.110995  0.714425  4
-3.91083  0.923362  -9.03036  0
-2.21447  -3.51079  -6.16916  4
5.5895  -7.4588  3.0574  0
3.89915  -3.56855  -4.21202  4
-2.28335  4.59661  -8.37881  0
-3.66981  0.601193  7.34149  4
-2.78383  -2.7849  -9.00756  0
-2.97143  -7.86135  4.69594  4
0.426189  4.66673  4.74624  0
-7.56439  1.1017  -0.836836  4
9.15388  -2.47875  -2.40115  0
0.6766  -3.08449  3.63683  4
3.37759  -4.10855  7.90115  0
-6.72583  -0.101478  -0.405955  4
0.459893  -9.59588  -0.33108  0
6.45684  3.07224  1.39511  4
0.783648  -3.90263  -7.71331  0
0.713157  -2.13923  -7.55897  4
3.47653  -0.15901  -9.19651  0
-4.68889  -2.70509  -2.72405  4
3.47736  5.16519  7.62121  0
2.19914  -8.03182  -2.68983  4
-6.80335  -5.70325  -3.98305  0
-1.04731  -1.31648  7.98759  4
-3.06127  -5.04138  -5.3883  0
1.06309  -2.90112  8.56044  4
3.55914  -8.73222  -2.73711  0
5.73548  2.93538  0.307887  4
-3.84541  -2.75795  5.51033  0
0.604194  -2.8203  6.58725  4
0.0763635  -8.98601  -2.17037  0
1.66495  4.05756  8.37031  4
-2.01357  8.44468  4.27954  0
-4.62762  -5.51878  1.32159  4
-4.18406  -6.42017  -6.10282  0
5.70268  5.24851  1.12483  4
-4.29136  -8.60823  2.11678  0
-6.36693  4.31754  4.32405  4
3.74713  8.12777  4.17338  0
-3.18162  -3.25336  1.01527  4
-7.96922  3.88936  -4.09422  0
6.42438  -0.991485  1.50978  4
2.48216  8.53891  -1.10411  0
6.11771  6.24094  -1.49692  4
-2.50753  -9.38052  1.70507  0
5.28279  5.94516  -0.23607  4
0.637254  -4.46234  2.86491  0
0.565276  -0.320413  6.11813  4
4.45754  -2.99495  -2.00538  0
0.416413  -1.68344  3.08027  4
5.8125  -2.15738  -7.55885  0
-8.38733  1.75643  4.07813  4
4.98853  -0.612923  8.3762  0
5.47033  -1.43544  -1.80682  4
-8.78708  3.82303  2.06643  0
1.45821  -7.39186  -4.47316  4
0.592805  9.18062  2.83369  0
0.964987  -0.241678  -8.15642  4
-4.43578  -8.15456  -3.25248  0
-4.80339  0.418353  3.75989  4
