4.30122  8.58063  1.62045  0
7.15618  -2.3221  1.19479  4
3.37613  3.88965  -5.64035  0
2.60206  -8.37243  1.39923  4
-2.3946  7.93294  -5.23946  0
6.16341  0.0919489  3.37875  4
-5.59881  -0.503487  8.10942  0
7.68599  1.58468  0.625855  4
8.38143  -1.70314  -2.49985  0
-6.69198  -0.229659  1.39976  4
5.30106  2.95184  -7.66983  0
0.498869  7.83869  7.16835  4
8.05069  -0.0252693  -5.6729  0
-2.65387  -2.25155  8.5108  4
3.59793  -3.61658  -8.4336  0
8.44454  -0.62099  -3.41281  4
-0.575134  -7.11828  3.09792  0
0.399618  4.19523  3.78555  4
1.03456  4.29905  -0.411123  0
-1.89006  -1.01558  2.28891  4
9.78794  0.475251  0.973746  0
-1.6562  4.55749  1.0891  4
-4.95734  8.47698  0.00454358  0
6.30195  -2.1408  1.31319  4
-5.81778  4.2406  -4.30671  0
-4.56844  -2.13435  1.21933  4
1.55228  6.70654  6.48908  0
5.26931  3.49331  4.63437  4
7.16659  -3.8733  -1.82253  0
-4.41697  -2.21852  -4.29545  4
3.69905  -0.481928  -2.78973  0
-8.08257  0.938553  -1.91129  4
-5.94751  1.86172  7.64604  0
5.49254  3.00661  -6.30226  4
-4.32238  8.49511  -1.40911  0
-6.10895  -1.39241  -0.767554  4
1.45038  -5.75808  7.83611  0
-3.34996  -1.48935  -4.96279  4
-6.32935  5.08593  5.477  0
1.67313  0.385967  -9.06022  4
2.15467  7.61763  -5.8884  0
7.78962  1.66708  2.56099  4
-2.19712  -3.64718  -5.86018  0
1.2664  -0.115879  2.8048  4
0.678475  9.75372  0.829011  0
2.06766  -1.99235  3.03064  4
-2.81512  -5.36663  -7.75321  0
2.05733  -5.305  -0.292907  4
-5.31937  5.82321  5.87713  0
3.4259  -4.15685  4.38228  4
-1.41729  -5.57635  3.91437  0
-4.70803  2.23836  -4.2652  4
0.72849  -3.81607  5.97669  0
0.433567  3.87975  -6.72203  4
6.72594  6.92423  -0.489116  0
-1.83462  -4.83739  -7.42294  4
-1.34104  5.09473  8.18186  0
-2.99338  -7.58979  0.880269  4
9.04277  -3.57474  -1.36678  0
-2.29524  -0.845588  8.81218  4
-4.29447  3.0551  8.26544  0
-0.437147  2.61419  -6.53178  4
-0.371397  4.17212  3.5412  0
3.22137  0.224323  -4.81244  4
1.76842  -0.600346  2.83548  0
-0.990388  -2.18275  8.58209  4
-8.16134  3.91758  -3.8958  0
5.40551  -3.1899  -5.13793  4
0.609049  -7.10495  6.8044  0
0.514133  0.038719  8.27384  4
9.64746  -1.52904  -1.01793  0
-5.19069  -3.23869  1.71336  4
2.03175  9.05891  -1.37158  0
4.89023  -0.271402  6.03734  4
-0.693124  8.15859  5.474  0
1.01137  -3.16026  4.06998  4
-5.63578  2.21353  0.997402  0
-5.07932  4.92157  4.15937  4
6.53195  3.19775  -6.21333  0
7.73916  1.20576  -2.37278  4
-5.66896  7.00978  -3.82267  0
-0.233416  -5.09482  6.58372  4
5.31508  -1.11785  4.80529  0
-0.53629  -0.171309  -8.83313  4
-2.98568  -4.24048  4.00809  0
-7.20032  2.18622  -3.02747  4
7.59109  1.48261  5.93023  0
-6.08169  3.80344  4.86864  4
3.25363  0.815604  -0.897282  0
-0.835354  1.31709  -3.53768  4
-6.83223  -3.76443  -4.41383  0
-3.07047  -1.47839  0.258521  4
-3.59273  -8.64852  2.7119  0
4.74088  -7.41377  -2.45509  4
3.15532  -5.57441  -5.54218  0
-5.42805  5.15342  -3.47056  4
2.25613  8.28869  -4.69852  0
-2.54487  6.39684  -1.83251  4
-8.83756  -4.31848  0.0702959  0
3.31765  3.03092  -0.0761446  4
-2.6812  -1.50042  3.28092  0
0.900766  -3.80885  7.86923  4
4.23841  -8.74228  0.126338  0
6.69649  -4.30079  0.216323  4
-4.56901  6.77412  -0.503206  0
5.66144  2.38121  0.676946  4
4.08752  -4.97897  -7.067  0
3.58127  -0.822575  -0.657283  4
8.912  3.36386  -2.55715  0
-0.745713  -1.23081  -7.60984  4
3.58077  7.29001  -5.40123  0
2.11188  4.51283  -4.03984  4
1.66264  8.72713  -4.00415  0
2.72433  -2.57172  0.46791  4
-3.34855  -8.18449  -0.551537  0
0.275997  1.45616  3.75542  4
-1.60891  -7.49866  5.97334  0
2.98884  -7.04239  -2.63343  4
1.57903  2.10052  9.53161  0
2.52218  0.603264  4.59758  4
-8.66693  -2.85812  3.71417  0
0.863416  -2.99264  8.86263  4
9.60734  1.58645  1.18009  0
5.39083  7.34382  0.978373  4
0.910154  1.09692  3.79963  0
8.23693  -3.59579  -3.18736  4
2.91332  -7.18344  6.13408  0
1.17017  -0.0351831  7.0594  4
0.931819  -6.19488  -7.52949  0
6.0603  0.432441  6.58837  4
8.44704  2.39394  -4.48084  0
0.443992  7.88357  -0.493993  4
-8.23193  5.33439  -0.497952  0
2.91231  7.08711  -5.39448  4
4.2316  6.22324  6.37689  0
-3.09279  -4.31504  -6.10853  4
-3.97261  7.97184  4.20086  0
-0.279103  0.54169  -5.9972  4
6.73873  -1.92895  -6.92757  0
-7.79829  1.81249  0.903571  4
-2.52365  1.34174  -9.38838  0
1.42959  -4.35107  -5.19662  4
6.09602  -7.05869  2.14404  0
2.2984  -1.622  -1.80666  4
-0.488018  4.82746  -8.54151  0
-2.06199  1.09063  7.39184  4
-1.92383  -3.62252  -8.9376  0
-5.30576  -4.22318  4.81629  4
0.517427  7.29737  6.59526  0
-6.39727  -0.0327531  2.65862  4
6.27903  1.63544  -1.38449  0
-1.27753  -2.86887  6.70421  4
4.40422  -1.9041  8.51496  0
-2.35557  0.606553  2.9292  4
1.88873  -9.6641  -0.00501596  0
6.97229  3.19788  0.638879  4
1.03036  -2.55414  -9.28667  0
-1.89816  0.530832  -7.62459  4
2.73537  -2.22376  -9.22008  0
-3.71117  -6.45781  -4.92565  4
2.29634  6.41179  7.12673  0
3.00972  -7.42485  0.783044  4
-7.49168  -4.09623  -4.9564  0
-0.366064  -0.083193  9.63444  4
-0.7675  -1.88357  -6.17817  0
2.10226  -3.54235  7.24625  4
3.09817  -8.47112  -3.93478  0
5.85082  0.206608  -0.550246  4
-5.10034  -1.3975  8.29518  0
1.15568  -7.01141  4.04089  4
1.63285  -6.68847  -2.89345  0
2.48876  0.35057  6.39124  4
-2.218  8.28439  4.68902  0
-2.5629  -4.54769  2.32027  4
-2.35643  -6.58609  -6.7823  0
7.56658  4.73448  0.101801  4
-5.80335  -6.42449  2.88117  0
-5.18573  3.66731  6.53558  4
3.70151  8.16883  3.97442  0
-7.33824  -2.33001  -0.117126  4
-6.53245  3.39753  -3.81798  0
5.38734  -1.68261  0.403218  4
2.37244  8.63023  -0.758643  0
6.02751  5.5049  -2.08798  4
-0.883739  -9.65582  1.60424  0
4.82713  3.76825  -5.76106  4
1.3473  -7.16375  1.17961  0
0.825452  -0.434095  5.09799  4
2.5875  -2.15613  -1.49856  0
-2.58225  -3.21438  0.527175  4
3.97517  -0.696968  -8.87118  0
-7.71947  1.21209  2.19978  4
4.4547  3.22678  8.10059  0
8.31498  -0.514806  -0.397355  4
-9.2369  3.24797  1.00073  0
0.963937  -7.5827  -4.68164  4
1.60424  8.84248  3.96861  0
3.29467  -0.0451613  -8.6946  4
-4.62938  -8.24029  -2.7996  0
-7.18095  -0.361262  4.03387  4
