3.80062  8.85986  1.6081  0
7.36418  -2.37625  0.172351  4
2.61483  3.61577  -8.72181  0
0.00120046  -8.15663  -1.63532  4
-1.59649  5.45809  -7.53885  0
5.54619  0.696797  5.93652  4
-6.99028  -0.213717  6.14299  0
9.07953  2.84076  -0.0233563  4
8.98037  -0.841406  -3.96472  0
-5.12507  -1.75266  0.115142  4
4.59894  1.57002  -7.42762  0
1.10203  7.94302  6.98468  4
7.83904  0.6755  -5.94983  0
-0.723246  -1.64944  8.63868  4
2.07744  -3.692  -8.8761  0
6.90438  -0.196354  -2.00554  4
0.92717  -4.95796  2.11874  0
0.586489  5.22665  2.35236  4
1.7203  5.98696  0.914006  0
-1.48258  -0.463986  0.722129  4
9.81651  -0.267667  0.246575  0
0.698762  5.73199  1.5661  4
-4.09204  8.93392  -0.766187  0
6.2608  -3.0178  1.90354  4
-8.03021  4.76073  -2.79415  0
-5.0989  -3.57028  0.437756  4
0.145983  5.88062  7.71796  0
3.99142  2.15414  2.9467  4
6.47062  -4.24885  -4.05466  0
-6.28191  -1.79441  -5.75516  4
2.26202  0.0339653  -4.03991  0
-4.40252  0.700499  -1.09606  4
-3.17017  0.313138  6.2729  0
5.50177  0.675301  -6.61952  4
-4.67389  8.29821  -2.44353  0
-5.91284  0.326978  -1.64125  4
0.693152  -5.74347  7.99854  0
-2.88546  -0.508629  -4.12516  4
-5.73169  4.58552  5.39973  0
1.30323  1.45353  -8.13154  4
2.11021  7.79483  -5.67038  0
8.93549  -0.107199  1.05454  4
-3.91531  -3.04207  -5.21473  0
-0.386286  0.748014  4.07206  4
0.849954  9.82784  -0.202874  0
1.51739  -0.972174  1.72629  4
-1.93499  -6.18452  -7.41029  0
2.28507  -5.57789  -1.82216  4
-4.7167  6.8219  5.17246  0
3.35281  -4.02763  3.50083  4
0.974854  -4.39428  4.17908  0
-7.22034  4.48039  -4.44155  4
1.67304  -4.12478  7.97093  0
1.0135  1.92699  -6.13918  4
5.64281  7.94088  -0.594847  0
-3.07642  -3.79153  -7.62245  4
-1.00962  5.71088  8.01226  0
-4.62731  -7.53613  2.80512  4
9.39008  -2.96696  -0.200198  0
-2.79881  -1.20126  7.72058  4
-5.04061  4.31335  7.18743  0
-0.0466851  3.34814  -6.92802  4
0.0663961  2.67135  5.19419  0
0.826281  -0.342993  -4.4868  4
2.53401  0.194851  3.15291  0
-2.12757  -2.10228  8.76642  4
-7.82812  4.15799  -3.97769  0
4.99962  -3.21892  -5.93717  4
0.0800205  -7.18764  5.75281  0
0.0778361  -3.09966  6.76183  4
9.67975  -0.425029  -1.77363  0
-3.63565  -2.94793  3.52823  4
3.96248  8.58211  -2.38502  0
3.98578  -0.164269  4.1145  4
-0.952858  9.05177  3.67566  0
1.07872  -2.33434  3.99627  4
-4.69499  1.89546  0.715491  0
-2.47764  6.67748  2.6477  4
5.68452  2.89222  -7.47739  0
8.64429  -0.504527  -0.740569  4
-3.80241  8.23227  -3.77297  0
-0.931162  -6.45175  7.09554  4
7.4806  -1.9977  4.69506  0
1.15043  -0.912006  -7.49726  4
-5.66314  -3.44897  0.0844803  0
-7.62701  1.93045  -3.08455  4
7.06465  0.580489  6.74587  0
-5.09522  3.01207  4.34719  4
4.09096  2.01358  -2.55105  0
-1.34041  1.88839  -5.28666  4
-7.9297  -4.29088  -3.95053  0
-2.47879  -1.17573  -2.05234  4
-3.72053  -8.6637  2.37778  0
5.87135  -6.07585  0.0519786  4
3.31906  -6.76587  -6.34497  0
-4.42244  5.95623  -1.91188  4
2.20454  8.35851  -4.77385  0
-1.68484  5.79397  -1.7001  4
-8.76681  -4.35277  1.24845  0
2.52615  0.65151  0.518607  4
-2.07964  -1.60809  3.95392  0
0.540261  -3.46797  7.058  4
3.03577  -7.63508  -0.594258  0
6.68421  -3.18194  -0.846945  4
-6.17096  7.38042  2.0246  0
3.78332  2.95608  2.26378  4
4.04764  -5.96643  -6.68185  0
4.54929  -1.25045  -1.21956  4
8.38094  4.2679  -2.94439  0
-2.51417  -0.888888  -8.48985  4
2.99814  8.189  -4.42571  0
-0.847446  4.95296  -1.61764  4
2.23628  8.94369  -3.49095  0
3.33593  -3.18546  0.738239  4
-3.60777  -8.32004  -0.434218  0
-0.438027  3.27797  5.68521  4
-2.92969  -8.01787  4.85776  0
3.7639  -7.09448  -1.8245  4
0.785619  2.44433  9.46826  0
1.72618  -0.044669  4.53602  4
-8.07457  -3.66057  4.16427  0
1.99375  -2.33483  8.31674  4
9.54072  2.38571  0.78198  0
3.21388  8.26531  2.33552  4
1.91399  1.90512  3.09043  0
7.25582  -3.14195  -1.8272  4
2.24189  -7.91877  5.30615  0
2.04075  -0.890052  6.09795  4
0.329179  -6.85652  -6.53525  0
7.64453  1.8252  3.86515  4
8.61639  2.5315  -4.10386  0
1.59072  8.47823  -1.65458  4
-8.05717  5.63174  -0.537055  0
4.20864  5.83366  -2.75622  4
4.216  6.25233  6.25734  0
-1.11871  -3.76742  -6.08589  4
-3.62211  8.31043  3.85602  0
-1.31575  0.0982362  -7.61241  4
5.78178  -1.52095  -7.79282  0
-7.26422  0.637103  1.53209  4
-3.56156  0.749002  -9.1531  0
0.755692  -6.39582  -5.33922  4
6.08795  -7.68195  0.473258  0
1.17342  -1.89048  -0.302699  4
-1.62685  4.81885  -8.41766  0
-1.73798  0.856704  7.79142  4
-2.41107  -2.90413  -9.05441  0
-5.22141  -5.5351  4.39162  4
-0.739479  5.75876  5.78932  0
-9.40847  1.37849  0.542442  4
7.38642  -0.513183  -1.76858  0
-0.196563  -3.5112  5.35978  4
3.80863  -2.52441  8.61546  0
-4.5778  -0.987946  2.87428  4
0.937869  -9.78413  -0.243272  0
6.98491  2.12323  0.932445  4
0.659088  -3.20297  -8.48565  0
-2.23277  0.0912487  -8.34723  4
2.97178  -0.959123  -9.33771  0
-5.20423  -6.67431  -3.67822  4
2.92085  6.48438  6.83348  0
3.2827  -7.29489  -0.217555  4
-6.00038  -4.64833  -4.71  0
-2.11421  -1.29035  9.05513  4
-1.76148  -2.17271  -7.76054  0
2.72416  -4.58097  7.6041  4
2.82346  -8.81094  -3.13863  0
7.09986  0.493245  -0.48114  4
-4.12786  -2.62526  8.49973  0
1.06079  -5.3067  6.73445  4
0.279981  -9.77651  -1.49941  0
1.89855  0.632682  5.92013  4
-2.03894  8.63813  4.23169  0
-4.71051  -5.13222  3.68424  4
-1.66135  -7.79655  -5.83012  0
7.04644  5.3271  1.38556  4
-6.18621  -6.77614  2.93168  0
-4.95037  5.7385  5.61573  4
4.69529  7.77294  3.68236  0
-6.36872  -1.38904  -1.1337  4
-6.52378  5.05878  -5.30199  0
5.54218  -0.850823  -0.499888  4
4.02062  8.97945  -0.721324  0
6.53099  4.84431  -2.48046  4
-2.19015  -9.24914  2.43356  0
5.48418  6.67804  -3.68748  4
0.435218  -4.64613  0.693333  0
0.512567  -2.14326  8.45051  4
3.53378  -2.41737  -2.45412  0
-1.13142  -2.6819  1.91927  4
4.3808  -1.9865  -8.57586  0
-7.21571  1.97215  2.96482  4
3.00754  2.47171  7.08102  0
8.04088  -2.0766  -1.36117  4
-9.14458  3.51374  0.92396  0
2.48428  -7.40129  -4.97257  4
3.72731  8.12681  4.04451  0
4.19826  -0.00290626  -8.64916  4
-4.60806  -8.1564  -3.0416  0
-6.2722  0.25064  4.31715  4
