2.96617  8.98678  2.33288  0
6.01551  -1.24413  -0.75655  4
7.85404  5.44524  -2.04331  0
5.71605  -6.83489  0.044554  4
-1.11415  9.17541  -3.14948  0
7.36458  -0.392804  4.0771  4
-6.18547  -1.51472  7.44573  0
6.1843  -1.89159  0.957914  4
8.79341  0.1855  -4.0113  0
-8.04694  0.733616  2.68269  4
5.71829  -0.0885948  -6.70929  0
0.462584  7.52874  7.51666  4
4.99721  -1.06124  -4.09516  0
-2.37528  0.742136  7.2813  4
2.62041  -4.52771  -8.32379  0
7.8121  2.03211  -0.82172  4
-1.00582  -6.48104  1.395  0
1.37984  4.35859  2.28765  4
1.16715  8.44274  0.599227  0
0.793937  -3.75545  2.49036  4
9.80727  0.161446  1.00225  0
-1.9932  1.69764  1.22609  4
-5.228  6.36482  2.62256  0
6.05572  -7.02812  2.39196  4
-6.52099  4.41637  -5.89355  0
-9.45983  -0.415142  -1.30217  4
4.9247  2.61216  6.9989  0
4.72425  1.74963  6.05252  4
2.58603  -3.11409  -0.947428  0
-6.29296  -0.244831  -0.171779  4
2.22559  -5.18814  -3.02139  0
-7.30155  4.2216  -1.69816  4
-3.85744  2.06898  8.84632  0
5.49032  1.34948  0.716615  4
-4.46734  8.56379  -1.56729  0
-5.74261  -1.26998  -0.428707  4
1.70676  -3.36908  9.10321  0
-3.44383  -3.11635  -5.1143  4
-7.4144  4.24221  4.80547  0
1.44091  -1.30693  -7.29901  4
3.26585  6.9385  -2.58319  0
7.55061  3.7442  1.5367  4
-1.28229  -8.15471  -5.44757  0
5.20707  -3.36313  1.66215  4
-1.24954  9.56184  -0.882964  0
1.5411  -0.121555  1.22885  4
-3.73612  -5.8413  -6.97088  0
4.31313  -6.05344  0.601013  4
-3.49356  3.09642  5.08474  0
6.17624  -1.65576  6.51167  4
-0.0166068  -9.15115  3.55961  0
-1.97877  4.29502  -3.24349  4
-2.19086  -6.143  5.23775  0
-0.273636  6.35823  -6.95935  4
7.46351  4.39922  -1.5065  0
-0.277187  -5.05176  -5.42635  4
-0.369063  7.32334  6.54296  0
-0.641439  -7.42251  2.31794  4
9.68377  -1.15532  -0.97276  0
-0.307203  -1.72895  8.2463  4
-2.88761  4.91192  7.99446  0
-3.50492  3.84264  -3.06999  4
3.48247  2.13072  2.53412  0
2.46186  1.74614  -6.82385  4
8.33211  -3.62977  3.79724  0
-1.3474  -3.61918  8.49103  4
-6.99429  4.98973  -4.68819  0
4.49199  -1.2901  -1.77243  4
0.295047  -5.87608  1.74678  0
0.898733  2.19331  6.72097  4
8.88277  -4.14326  -0.218156  0
-5.16376  -4.18972  -0.949507  4
4.76143  8.23107  -2.60652  0
2.67771  -1.38004  7.26669  4
0.895247  6.29494  5.52053  0
-1.51936  -4.34779  3.78039  4
-4.44075  2.43465  -6.01466  0
1.47229  3.80686  4.84604  4
7.1856  2.65058  -6.09919  0
6.06817  -0.597934  -6.41608  4
-4.80794  5.97535  -6.21152  0
-4.27898  -4.06234  7.23743  4
3.69719  -1.65284  5.94991  0
-2.80021  4.88925  -5.43426  4
1.36311  -3.99513  7.85907  0
-8.27569  0.748728  -3.2758  4
4.9365  0.0539738  5.99005  0
-8.35553  2.77918  1.3289  4
3.00944  -1.47779  -0.730591  0
0.076298  0.177838  -5.51525  4
-5.21351  1.404  -6.71766  0
-2.45133  -3.02193  0.135453  4
-3.65177  -7.66256  4.84773  0
1.05022  -9.3806  1.90288  4
5.14598  -7.77495  -3.05294  0
-7.037  5.63466  -2.02969  4
3.72857  4.35842  -7.98488  0
-6.91815  2.30495  2.60859  4
-7.78144  -6.00812  0.0693516  0
5.60252  2.53599  2.47565  4
0.654949  -4.19913  4.92155  0
2.30038  -3.40079  7.38081  4
3.84675  -9.02464  0.0016797  0
6.41658  -3.39892  0.997501  4
-2.29191  7.59183  -1.00292  0
7.11176  2.62815  -0.490784  4
3.03488  -7.55885  -5.40271  0
4.59515  0.412568  -0.644897  4
8.51325  1.96434  -4.56663  0
-1.47249  -1.13437  -9.39119  4
5.95275  6.81735  -3.38862  0
5.27351  5.47579  -3.82688  4
2.89936  9.12943  -2.26253  0
-0.298418  -4.01231  1.07603  4
-1.63208  -8.60428  -2.71764  0
0.282741  1.51035  5.07826  4
1.54462  -7.88164  5.44769  0
1.97151  -7.62732  -3.69472  4
3.4701  0.371775  9.16243  0
3.77917  0.205348  1.73241  4
-7.03621  -3.45079  5.88259  0
3.74028  -2.30425  7.49393  4
6.28657  2.94017  3.39681  0
2.78557  6.80169  2.30357  4
0.32126  2.11016  4.74523  0
6.58105  -2.72462  -4.90621  4
4.35762  -7.01465  5.42773  0
-2.35186  -1.42987  5.86283  4
-0.116633  -2.66993  -4.59863  0
5.9293  -0.391603  7.54058  4
7.16173  4.26132  -4.99296  0
-2.35146  6.49745  0.332867  4
-7.6154  5.53042  -1.97628  0
1.65326  6.66025  -6.69232  4
6.61662  4.23593  5.83245  0
-3.15866  -1.14765  -6.51992  4
-4.59822  7.11407  5.01398  0
-0.0369965  1.54812  -5.4688  4
6.90197  -1.84976  -6.79731  0
-4.00969  3.64324  1.51591  4
-1.02768  2.00962  -9.53171  0
1.58472  -4.53039  -5.92009  4
8.11035  -5.31341  1.53146  0
2.44529  -1.2788  -3.97219  4
-0.264518  6.90478  -7.02598  0
-0.972825  0.960206  8.04536  4
-3.79811  -2.63648  -8.634  0
-6.08869  1.60047  6.31064  4
1.0086  4.20188  7.11044  0
-7.748  3.12864  2.28909  4
5.59699  -1.07337  1.6013  0
2.43772  -2.47516  7.11379  4
5.03382  -2.39956  7.79437  0
-6.05575  2.36595  -0.6711  4
3.30491  -8.5156  1.71521  0
8.18652  1.06514  -0.67257  4
2.14796  -1.87053  -6.12615  0
-4.05627  0.0477916  -7.81746  4
3.2025  -1.35203  -7.43512  0
-3.36205  -7.43475  -4.66025  4
0.9424  6.79065  3.87912  0
1.00382  -1.08048  -4.02308  4
-7.78665  -4.3635  -3.97019  0
0.735877  -2.30055  8.32123  4
-0.384121  -4.11033  -5.54615  0
-0.01367  -3.65942  8.22315  4
3.62592  -7.90039  -4.67302  0
8.14565  1.95602  -3.63754  4
-6.2128  -0.0473246  7.52586  0
-0.678345  -8.18519  3.14495  4
2.6038  -7.83954  -5.3033  0
5.74055  1.35683  5.69757  4
-2.37395  6.46314  6.98031  0
-2.48048  -5.75118  2.71274  4
-3.55873  -6.84968  -4.70898  0
6.18849  1.03777  0.14497  4
-5.97334  -7.00188  3.40423  0
-3.19019  3.03087  3.74185  4
2.91906  7.39497  2.09396  0
-5.98711  0.445969  0.519238  4
-8.85368  2.60446  -3.23489  0
3.27999  -6.61326  -0.250959  4
0.185169  9.77626  0.260991  0
6.88035  4.35251  -2.08608  4
-2.56087  -8.76129  2.01329  0
2.22113  3.21716  -5.39989  4
1.20535  -7.19804  1.33803  0
1.35385  0.0428919  6.77984  4
0.123497  -4.14983  -3.53027  0
1.2072  -5.95005  3.44409  4
5.12209  -2.4312  -7.9778  0
-7.38592  1.7415  5.30245  4
7.38702  -2.08299  6.02363  0
8.57824  -2.59257  0.477954  4
-7.08034  5.02994  -0.252604  0
-2.16555  -7.31627  -5.21389  4
2.06843  8.26543  4.91356  0
-0.816262  -1.14763  -7.9761  4
-3.80855  -8.19713  -3.73562  0
-7.50957  1.47283  2.06342  4
