2.74439  9.29441  1.64734  0
6.42568  -0.647428  -1.30297  4
7.39355  6.23023  -1.76371  0
5.86201  -7.60731  -0.601296  4
-1.08113  9.2408  -3.3435  0
6.51714  -1.26634  4.37321  4
-5.0065  -2.53515  8.07464  0
5.03701  -1.52736  -0.213777  4
8.88111  0.424745  -4.16237  0
-8.10963  1.12935  2.52671  4
6.09015  0.772764  -7.72451  0
-0.0361142  7.78188  7.26149  4
5.33104  -0.919116  -4.01713  0
-3.59864  0.00538446  8.60299  4
1.52612  -4.54303  -7.41673  0
7.8349  2.33706  -0.610675  4
-1.18669  -7.24403  2.81531  0
2.12447  3.45603  2.82857  4
0.96322  8.19644  -0.589631  0
0.3704  -2.95114  1.17422  4
9.76986  -0.75058  1.38326  0
-3.00803  1.82226  1.65739  4
-5.08544  6.1646  2.2166  0
6.51537  -6.28973  2.12019  4
-6.39523  4.02628  -6.30526  0
-7.86436  -0.896903  -1.72241  4
3.60927  3.94434  7.33318  0
4.83752  1.29921  5.66695  4
3.48099  -4.4246  -0.684593  0
-4.8736  -0.231455  -0.811863  4
1.41198  -3.00612  -1.96163  0
-8.45431  3.49023  -2.75621  4
-4.6357  2.40375  8.29193  0
4.96485  1.25762  -2.54137  4
-4.07096  8.6056  -2.33229  0
-4.60916  -2.42506  -0.380836  4
1.8813  -3.66863  8.88778  0
-2.3871  -1.91851  -4.66802  4
-6.94089  4.19517  5.5239  0
1.54407  -0.702712  -9.17051  4
3.44226  7.47851  -2.13139  0
7.1964  2.7661  1.03874  4
-1.66938  -7.16247  -4.29795  0
4.35606  -2.13842  1.20329  4
0.783074  9.63228  -0.105325  0
1.17954  -0.739194  1.06892  4
-3.94553  -5.93437  -6.03537  0
4.54848  -7.12293  0.957443  4
-1.80312  4.31153  4.84258  0
5.57283  -1.15158  6.94588  4
0.0167626  -9.14411  3.58528  0
-4.0279  2.53771  -4.50109  4
-2.10485  -6.47353  4.82911  0
-0.556024  5.86322  -6.46349  4
7.61974  5.07781  -1.29548  0
-1.80057  -5.79931  -5.91668  4
-1.42955  6.38223  7.37359  0
-2.82035  -5.91942  2.1521  4
9.50218  -2.33102  0.390916  0
-1.10503  -2.10103  8.5149  4
-3.38997  4.05639  8.30941  0
-2.45672  3.31107  -2.56726  4
3.96546  2.54426  1.51296  0
3.49328  0.697068  -7.60208  4
6.91204  -3.49384  2.61004  0
-0.481525  -3.09698  8.3098  4
-5.79405  3.2072  -5.18055  0
4.80065  -1.746  -3.34534  4
1.60643  -7.47747  2.81729  0
1.24844  1.22772  5.56712  4
8.90291  -4.20536  0.250267  0
-5.03392  -5.77383  -0.486543  4
4.89536  8.24312  -2.05765  0
2.858  0.0721383  7.96237  4
0.922612  6.97409  6.45964  0
-1.37954  -3.29629  2.46738  4
-6.43672  3.23696  -4.20176  0
-1.44582  3.34362  6.3647  4
7.06573  3.21761  -6.01337  0
5.91761  -1.17458  -4.21909  4
-5.90551  6.00941  -4.76298  0
-3.94727  -3.15227  5.9521  4
5.61726  -1.50507  6.10194  0
-2.15428  3.67538  -6.44482  4
0.319796  -3.53486  7.58005  0
-8.14109  -0.759038  -4.94669  4
6.35328  1.60624  7.31485  0
-7.39775  3.78326  1.43379  4
2.11362  -1.14448  -1.03202  0
0.632553  0.430534  -6.54784  4
-4.76082  1.68053  -4.78759  0
-2.02376  -2.05293  0.389456  4
-4.33676  -7.37333  4.90839  0
1.59846  -7.61858  2.1479  4
4.77967  -8.05509  -3.04015  0
-6.9471  5.63944  -1.08518  4
3.4648  4.78486  -6.83594  0
-5.72419  2.72851  2.08853  4
-7.56398  -6.24293  -0.00353124  0
5.89698  4.17879  3.87382  4
0.562802  -3.81364  4.005  0
1.26221  -1.24357  8.02143  4
2.96718  -9.33515  0.542004  0
8.08085  -4.26427  0.318948  4
-3.38763  6.35681  -1.53194  0
8.44835  2.88524  -2.41825  4
3.31105  -7.49875  -5.40841  0
5.10497  0.596357  -0.333991  4
8.98976  2.59511  -2.87929  0
-2.23649  -0.574876  -8.71099  4
6.00463  6.24704  -3.59671  0
4.22768  6.10318  -3.6946  4
3.32737  8.96276  -2.27651  0
-0.799854  -2.64009  -0.780091  4
-2.11797  -9.34418  -1.7783  0
1.46436  1.23587  3.55753  4
1.6811  -8.09515  5.03975  0
0.548386  -7.7088  -3.56437  4
2.09433  0.286714  8.43027  0
4.39135  -0.699395  1.30071  4
-6.43065  -4.46967  5.90221  0
4.26553  -2.94524  7.50829  4
8.87504  2.42381  3.13235  0
3.1838  6.65872  3.37948  4
0.859673  1.08394  4.13975  0
7.82529  -1.81359  -4.6471  4
4.17877  -6.85591  5.59279  0
-0.688257  -1.8645  7.45709  4
0.637613  -4.53639  -3.40282  0
5.30552  0.619962  6.37715  4
7.82862  3.60217  -4.61952  0
-1.67331  6.51867  0.263694  4
-8.47785  4.76999  -1.08237  0
2.15471  6.15444  -5.77311  4
5.79248  4.27122  6.58324  0
-3.57178  -2.02646  -6.37991  4
-4.03134  8.24202  3.49573  0
-0.880147  1.66729  -4.55541  4
5.99413  -2.5543  -7.37251  0
-5.22443  3.44123  3.10161  4
-1.20199  1.67796  -9.59423  0
0.469597  -5.5486  -6.34251  4
7.83723  -5.86008  1.1604  0
2.61333  -0.732249  -3.59905  4
-1.07896  5.62739  -7.99456  0
-1.45005  -0.76305  8.49156  4
-4.38737  -1.97991  -7.2003  0
-5.91811  2.60448  6.38672  4
1.19485  5.76748  7.85951  0
-8.05053  3.17978  3.00988  4
5.41267  -1.01237  1.2809  0
3.06973  -3.52976  7.92718  4
5.39234  -2.92652  7.65759  0
-6.75454  2.77843  -2.16417  4
3.77264  -8.74448  2.5283  0
7.01505  3.05964  -0.262612  4
1.73743  -1.56099  -6.3108  0
-2.87796  -1.08423  -9.13058  4
2.61841  -2.22854  -9.24417  0
-2.19353  -6.82975  -4.94636  4
3.12054  6.90357  4.39608  0
-0.471531  -1.53462  -3.75932  4
-6.94229  -5.13596  -4.76137  0
1.50257  -3.21202  8.71488  4
-1.08104  -4.52362  -4.63012  0
-1.32806  -3.81434  8.77441  4
3.32595  -7.7078  -4.88818  0
6.39619  3.41916  -2.86764  4
-6.13887  -0.843371  7.50725  0
-0.528725  -8.42787  2.17707  4
1.70395  -8.49454  -4.70093  0
4.73831  -0.180392  5.19801  4
-3.03705  6.63687  6.66347  0
-4.08269  -5.05526  2.62334  4
-3.0504  -6.57492  -5.92198  0
7.67751  3.96216  1.57742  4
-6.34222  -6.95174  2.97994  0
-3.16598  2.90334  5.58048  4
4.07069  7.69924  2.6971  0
-5.03666  -1.26723  -0.335074  4
-8.90136  2.85417  -3.03438  0
4.29394  -5.79692  -0.667059  4
1.28394  9.75796  0.214988  0
7.50491  3.90273  -0.873676  4
-2.64256  -9.2864  1.91177  0
2.39135  1.74665  -4.90975  4
1.46216  -7.26198  -0.314255  0
1.20097  -0.400812  7.3939  4
0.754087  -3.07906  -3.92822  0
-0.306707  -5.02507  2.69579  4
4.99231  -1.99273  -8.10935  0
-5.68053  1.49135  6.25094  4
6.22527  0.0667937  5.95346  0
9.17609  -2.62988  -0.0220035  4
-6.66282  3.05234  -1.16604  0
-3.53337  -6.38362  -4.0239  4
1.65489  8.08019  5.3469  0
-0.527068  0.0430509  -7.76983  4
-4.00853  -8.13176  -3.8929  0
-8.28591  1.80447  2.54088  4
