3.46454  9.05403  1.58861  0
6.44265  -0.274563  -0.517707  4
7.19999  5.19222  -1.91375  0
5.50573  -6.94332  1.59335  4
-0.659911  8.93546  -4.10676  0
7.18453  -2.0345  4.8971  4
-4.43582  -1.97113  8.52083  0
7.47177  -0.741924  -0.995946  4
8.63736  -0.132179  -4.58585  0
-8.314  1.67314  1.36889  4
6.36452  0.222173  -7.39356  0
0.0580876  7.99391  7.0266  4
4.24224  0.882594  -4.79886  0
-3.77555  -1.11058  8.2102  4
2.09168  -4.0111  -8.68595  0
8.1928  0.991361  -2.56513  4
-1.76637  -8.46512  2.25908  0
0.563686  2.65393  2.41603  4
0.398229  6.24496  -0.847961  0
-0.870843  -4.27562  1.06461  4
9.59521  -0.749864  1.4399  0
-2.73359  4.1496  1.50464  4
-5.92061  7.83613  0.735285  0
5.88041  -4.15075  2.33626  4
-6.3633  4.40161  -6.00576  0
-6.88915  -2.69503  -0.733945  4
2.60595  3.92129  5.07628  0
4.29277  1.83244  5.50689  4
6.06986  -4.29285  -1.49991  0
-4.7606  0.514122  -2.64179  4
1.24955  -2.55426  -1.96636  0
-8.52366  1.97357  -1.58975  4
-4.34295  2.74562  8.3273  0
4.25537  1.68016  -2.71897  4
-4.10007  8.56326  -2.52786  0
-5.3912  -1.42343  -0.0446445  4
3.87678  -3.86922  8.16091  0
-1.37995  -1.34953  -5.15075  4
-6.17502  4.60431  6.01242  0
2.04385  -1.53958  -9.04316  4
1.98912  7.59085  -4.24877  0
6.74819  1.94801  1.33333  4
-0.987386  -6.0106  -4.8274  0
2.7253  -2.73758  2.78718  4
0.11993  9.86613  0.133074  0
2.09336  -1.31622  3.19572  4
-3.67412  -4.6735  -7.78483  0
4.22049  -8.13883  1.61057  4
-3.0856  3.83994  5.49328  0
4.85171  -1.36389  8.03522  4
1.01454  -9.09808  3.32335  0
-4.2972  3.13314  -4.6446  4
-0.595143  -5.86294  5.28508  0
-0.101411  6.55286  -6.21306  4
6.78237  6.8423  -1.30501  0
-0.938635  -5.24402  -6.93856  4
-1.65248  5.85426  7.70469  0
-4.16088  -5.89297  1.88535  4
9.49871  -2.61598  -0.498255  0
-1.09836  -1.44653  8.55719  4
-3.26705  3.7845  8.53371  0
-1.20367  3.53944  -3.15238  4
3.43946  1.27474  1.48114  0
1.79409  0.326579  -8.1121  4
6.04114  -1.31378  2.15866  0
-1.14875  -2.45206  7.85849  4
-5.85174  5.32301  -5.90654  0
4.80645  -1.50948  -3.64264  4
0.982087  -7.65021  1.55066  0
0.489203  0.45322  5.81956  4
8.93572  -3.94911  0.41552  0
-4.73953  -4.02869  1.94691  4
3.74229  8.90011  -1.69346  0
2.47929  0.51818  8.17021  4
0.782554  7.10834  6.57517  0
-0.309291  -3.56617  3.20205  4
-5.47552  2.70734  -2.43045  0
-3.63916  2.00384  6.22956  4
6.20722  3.2933  -6.88815  0
7.14107  -1.52773  -4.68284  4
-5.67379  6.57179  -4.71256  0
-3.07896  -2.18692  7.47283  4
5.53009  -2.85287  7.04187  0
-1.47643  1.86932  -5.95677  4
-0.92447  -3.26314  7.13686  0
-7.03687  -0.701475  -5.84796  4
6.30194  1.44899  7.28748  0
-6.10573  2.81942  2.60413  4
0.0294666  -1.09863  -2.43562  0
-0.214479  -0.246923  -5.86255  4
-4.27666  2.09398  -4.11297  0
-1.41006  -1.85216  0.923188  4
-4.37201  -7.28853  4.96281  0
2.73051  -9.01346  1.16389  4
5.01503  -7.25766  -4.31829  0
-6.14974  6.32852  -0.824117  4
2.87039  6.57447  -6.79292  0
-6.16029  4.54538  -1.11983  4
-8.10477  -4.23738  0.0725286  0
5.11796  3.73184  4.05459  4
-1.47913  -3.0916  4.24228  0
0.120135  -1.59914  7.77224  4
2.44498  -9.4755  -0.312545  0
7.89287  -4.80471  1.29206  4
-5.26367  5.22612  -2.52349  0
8.45616  2.57956  -0.152346  4
3.1703  -6.29319  -6.76794  0
3.5406  -0.538107  -1.26965  4
8.68939  2.6007  -3.30748  0
-1.88798  -0.877079  -8.44221  4
5.45823  6.81479  -4.60336  0
3.88075  6.58988  -3.65102  4
3.46515  8.83019  -2.51736  0
0.520865  -2.63038  -0.828756  4
-2.23652  -9.36079  -2.07009  0
1.35809  1.52136  3.53712  4
-0.488208  -8.17587  5.48843  0
1.73002  -7.62009  -3.50482  4
0.709984  2.51719  8.8367  0
4.18944  -0.228794  1.78309  4
-5.86901  -4.11569  5.45687  0
4.42946  -3.38995  7.84331  4
8.74246  1.58031  3.80852  0
2.23136  6.44739  2.17964  4
1.29917  0.954049  3.71558  0
5.76741  -2.46307  -4.07529  4
3.41174  -7.6584  5.19769  0
0.0444667  0.0376914  7.0217  4
1.03161  -5.6206  -4.43159  0
5.7446  0.427368  5.24608  4
7.7803  3.65678  -4.24138  0
-0.283836  6.88677  1.87689  4
-8.0428  3.37372  -1.10992  0
1.31133  6.94318  -6.14859  4
5.49242  4.93027  6.51073  0
-3.66581  -3.96696  -7.15662  4
-4.6364  8.08607  3.053  0
-0.375484  1.07846  -4.01798  4
5.86729  -2.90149  -7.38602  0
-5.77424  4.31904  3.03715  4
-1.40835  1.97093  -9.4026  0
1.54685  -3.95595  -5.9838  4
7.65184  -5.87203  1.46654  0
1.68849  -0.559082  -3.53797  4
0.204947  6.08474  -7.66412  0
-0.930906  0.123394  8.26536  4
-2.97712  -1.17408  -6.46916  0
-6.82592  1.84336  6.34049  4
0.366105  6.69813  7.0702  0
-7.77568  4.01949  3.1573  4
4.61293  0.886301  1.24638  0
2.78637  -2.06366  8.1526  4
5.30488  -3.22109  7.64016  0
-4.97387  2.23296  -1.24786  4
3.75261  -8.87987  1.9169  0
8.00776  3.16677  0.0356331  4
1.05508  0.0612152  -7.03719  0
-3.22835  -0.645881  -7.93163  4
2.74049  -1.37571  -9.30857  0
-1.43891  -5.87807  -6.06586  4
2.60872  7.70895  5.52339  0
0.604794  -2.77483  -3.04994  4
-6.68297  -5.14603  -5.12383  0
1.52142  -2.93115  8.72214  4
-0.492419  -2.92623  -6.2589  0
-1.0592  -2.33622  8.5726  4
2.6215  -7.80308  -5.4328  0
5.34607  1.30437  -3.47516  4
-5.24705  -0.592283  8.21772  0
-0.388218  -9.03422  2.61488  4
1.30401  -8.32489  -5.09184  0
5.36639  -0.798176  5.80422  4
-3.28876  6.1295  6.22241  0
-3.16506  -5.65904  3.6735  4
-2.88939  -6.50678  -6.57975  0
7.80373  4.7009  1.89227  4
-5.8005  -7.28983  3.19345  0
-3.63043  3.11432  5.95392  4
4.18031  8.34051  3.12972  0
-5.53835  -0.280266  1.53289  4
-8.75206  3.21497  -2.92548  0
2.5314  -5.94955  -1.50325  4
1.33157  9.75283  0.144583  0
6.7585  4.40055  -1.36545  4
-2.75152  -8.65376  3.53512  0
6.0189  2.09363  -4.00815  4
0.884237  -5.5394  -0.612263  0
0.649868  -0.562791  7.33461  4
3.28009  -2.53408  -1.66564  0
-1.9295  -4.57249  2.80513  4
5.51638  -1.80749  -7.94529  0
-5.89545  2.24515  3.50879  4
4.98796  0.965266  6.57229  0
7.13374  -1.04815  -0.234964  4
-6.76726  2.51138  -0.656823  0
-2.14527  -6.04607  -4.19321  4
1.62554  8.2102  5.05186  0
1.54544  -0.753471  -9.15776  4
-3.47663  -8.68565  -3.00261  0
-9.15934  1.62354  2.42531  4
