2.63108  9.1724  2.31684  0
5.85454  -1.46391  -1.28135  4
7.0711  5.18791  -2.29261  0
6.08065  -6.81573  -1.31022  4
-0.672206  9.41625  -2.84941  0
7.96734  -0.754934  3.06338  4
-6.85732  -0.432054  7.06787  0
6.92555  -1.74911  -0.0736895  4
8.79352  0.833056  -4.33018  0
-8.59114  0.5274  2.53684  4
6.14634  -0.852291  -6.27405  0
0.21656  7.29656  7.75196  4
3.0877  -1.41205  -4.4926  0
-3.91881  -0.586137  6.61305  4
1.22784  -4.82657  -8.4464  0
8.54705  1.80019  -2.19408  4
-1.26399  -7.80662  0.519669  0
1.18102  4.47253  1.84084  4
2.24508  7.18848  0.327954  0
-1.05556  -1.5971  3.45886  4
9.61196  0.841968  1.75473  0
-2.65307  -0.483525  2.38293  4
-4.38103  6.45454  3.61856  0
6.45984  -6.64465  1.40049  4
-6.86069  4.07202  -5.53654  0
-8.53457  0.51717  -1.85243  4
6.09524  1.88115  7.48941  0
4.58295  3.28062  6.57477  4
1.34895  -1.00294  -2.08341  0
-6.26136  -0.07714  0.0261775  4
2.04752  -5.54764  -2.6061  0
-6.26202  3.23477  -3.13579  4
-4.93365  3.04413  7.78565  0
5.44637  0.425244  1.80874  4
-4.73943  8.39222  -1.88071  0
-6.69968  -1.70093  -0.095048  4
1.7523  -3.10617  9.16441  0
-3.51053  -2.54632  -4.99854  4
-7.74684  4.14185  4.44755  0
4.05298  -2.53041  -7.49109  4
4.90737  6.3925  -1.2671  0
6.92528  3.57845  1.42869  4
-1.24151  -7.93451  -5.71658  0
6.40242  -2.62951  1.18038  4
-0.841953  9.67672  -1.24795  0
1.54295  0.18381  2.06896  4
-4.27325  -5.74325  -6.78784  0
3.56457  -5.25231  1.1447  4
-2.59178  1.55461  4.01376  0
6.75515  -2.40519  3.99623  4
-1.00912  -9.45813  2.27995  0
-1.27173  3.30016  -3.45547  4
-2.99532  -5.39578  4.99151  0
-0.65041  7.37747  -5.61268  4
5.89831  2.82658  -0.729409  0
-0.354775  -5.23013  -5.50168  4
-0.360585  7.73636  5.96572  0
-1.22052  -5.33156  5.61563  4
9.73331  -1.30895  -0.077579  0
0.674877  -1.17731  8.39708  4
-3.49326  5.13035  7.6066  0
-4.28956  3.89309  -1.42576  4
4.96473  1.75279  2.57771  0
2.2086  1.61131  -5.6001  4
8.10546  -3.74954  4.1583  0
-2.96161  -2.8699  6.67168  4
-7.46834  4.50388  -4.57573  0
3.79679  -0.689338  -1.10955  4
0.328006  -5.7032  3.56883  0
0.615642  1.76571  6.86786  4
8.68302  -4.28041  -0.685936  0
-5.35957  -4.21161  -1.20798  4
4.83191  8.21273  -2.43121  0
3.36487  0.469113  6.727  4
0.0751594  3.35344  5.79506  0
-1.71339  -3.95815  3.15312  4
-3.70268  3.04539  -7.54311  0
2.83358  4.49641  5.04985  4
6.65819  3.4805  -6.37069  0
5.77634  -2.17832  -5.13998  4
-4.86846  5.28045  -6.76965  0
-4.8676  -3.37318  6.46605  4
3.78941  -1.35144  5.73093  0
-4.3626  5.09594  -6.20454  4
2.63446  -4.42181  8.38228  0
-8.64537  1.71963  -2.70224  4
5.43026  -1.09771  7.02454  0
-8.43677  2.18589  1.96206  4
2.68792  -1.21191  -0.841014  0
1.26979  0.607274  -3.99866  4
-4.90923  0.894069  -6.16957  0
-0.372709  -2.31552  0.258585  4
-3.56969  -7.45564  5.23383  0
1.34834  -8.73232  1.73563  4
4.00645  -6.66566  -3.28071  0
-6.91378  5.89297  -0.706278  4
4.7608  3.14818  -8.03131  0
-7.05279  1.00242  3.96906  4
-7.17814  -6.6969  -0.764591  0
6.77451  3.68281  2.32139  4
2.5111  -4.5294  5.12492  0
2.78866  -4.00233  6.28455  4
3.54894  -9.083  -0.0525416  0
6.2892  -3.45777  1.04919  4
-4.10798  8.74229  -1.26462  0
7.78873  2.55568  -1.11876  4
2.60551  -7.06245  -6.28403  0
4.63975  -0.371562  -0.511403  4
8.86192  1.83969  -3.90157  0
-2.24548  -0.543254  -7.9122  4
6.27517  6.9086  -3.14709  0
3.19399  8.4122  -3.39938  4
2.97678  9.26442  -1.59739  0
-1.06405  -4.52609  1.28347  4
-1.29407  -8.72154  -4.33376  0
-0.145116  1.23625  4.66571  4
2.36053  -8.39205  4.50172  0
1.69418  -7.41046  -3.64642  4
2.55933  -0.307693  9.50098  0
4.73425  2.2241  1.62399  4
-7.87705  -2.12345  5.52941  0
3.98172  -0.958004  7.73648  4
5.72811  2.12469  2.97062  0
1.20553  6.28605  1.76121  4
0.375064  3.35036  3.93125  0
6.1266  -3.96584  -3.61824  4
5.65634  -6.32577  4.68349  0
-3.29306  -1.34619  4.76684  4
-1.01389  -2.80162  -5.9445  0
5.66806  -0.408831  7.20981  4
6.05911  5.10158  -5.9282  0
-2.21042  6.64807  -0.908413  4
-8.00153  5.27865  -2.04827  0
1.31127  5.7795  -5.24673  4
6.65957  4.51646  5.6655  0
-3.43382  -2.29566  -6.32888  4
-3.64873  7.81225  4.7374  0
0.450177  0.551603  -4.95616  4
6.27621  -2.76331  -7.01399  0
-3.96518  3.93825  1.71846  4
-1.73618  2.71243  -9.32226  0
1.06503  -3.72287  -6.03008  4
7.80447  -5.63095  2.10164  0
3.44619  0.787575  -3.48733  4
-0.32996  6.18805  -7.67301  0
-1.39769  0.258898  8.45832  4
-5.12257  -3.58437  -7.60518  0
-6.61234  1.95278  5.09437  4
1.59161  3.88188  8.01636  0
-7.03539  4.62744  2.44089  4
5.20709  -1.88521  -0.35753  0
1.88235  -2.07952  6.74581  4
5.47604  -0.930718  7.98272  0
-6.26402  1.96663  -0.084021  4
2.16416  -9.44352  1.76884  0
7.77217  2.29794  0.00262277  4
2.79626  -3.44837  -6.87566  0
-2.56335  1.66106  -6.91976  4
3.0544  -1.27233  -8.25844  0
-3.39018  -7.37691  -4.54377  4
1.35878  7.5164  4.03652  0
1.45335  -1.66251  -3.40419  4
-8.01544  -4.47103  -3.45739  0
-0.107733  -1.79566  7.49964  4
-0.102161  -4.39752  -6.64937  0
-0.903375  -2.30867  7.13937  4
3.38625  -8.25776  -4.14559  0
8.33388  1.2359  -4.24002  4
-7.58302  0.936898  6.11796  0
-0.430466  -8.88446  1.34935  4
2.17046  -7.78182  -5.2778  0
6.11449  3.63603  5.56369  4
-2.0174  5.65202  7.37123  0
-0.552795  -7.49227  2.89008  4
-5.24119  -6.85335  -4.47676  0
7.46005  3.49007  0.595412  4
-5.10647  -7.51089  3.82841  0
-4.49256  2.36707  4.01442  4
4.55412  7.01001  0.794958  0
-7.18867  0.604158  1.56125  4
-9.1088  1.06937  -3.54099  0
2.47665  -7.17329  -1.44736  4
0.613652  9.8053  0.876351  0
4.86502  4.07863  -2.67047  4
-3.17669  -8.89415  2.69586  0
2.04507  3.82242  -4.93394  4
0.510793  -6.07114  1.3333  0
-0.0457057  1.8962  6.40962  4
1.25742  -5.11569  -1.34617  0
1.8693  -4.85273  3.1255  4
5.61361  -3.79197  -6.60524  0
-8.05781  2.39369  4.58875  4
7.43522  -1.82518  6.1052  0
8.03836  -2.97829  0.417163  4
-7.06529  4.12506  -0.0789534  0
-1.35046  -6.91806  -6.12468  4
2.41996  8.48465  4.40483  0
-0.943716  -0.443192  -8.42978  4
-3.37187  -8.75032  -2.37556  0
-8.37552  2.43765  1.51561  4
