4.2582  8.47866  2.60088  0
6.92675  -1.92396  0.847646  4
3.94705  4.15859  -2.76056  0
3.2971  -7.60562  3.18427  4
-1.6331  8.61264  -4.40745  0
6.41463  -0.884472  3.64406  4
-5.26437  -0.147475  8.29182  0
7.93952  0.143522  -0.566597  4
8.70298  -0.185123  -3.31325  0
-7.13868  0.0239539  2.10525  4
4.50083  2.60569  -8.32341  0
0.490443  8.01068  6.99057  4
7.49658  -0.450834  -5.87924  0
-2.77648  -1.03661  8.45725  4
2.68403  -3.70576  -8.68999  0
7.36329  -0.53241  -3.85587  4
-0.760714  -8.03423  2.15999  0
1.76334  3.29656  3.69331  4
0.378055  4.58375  0.325455  0
-2.12664  -2.06339  1.14103  4
9.65955  0.0376632  1.6268  0
-0.894907  5.95377  0.95308  4
-5.39491  8.22821  -0.0167232  0
6.36264  -2.80619  1.04591  4
-6.52144  3.5465  -3.14391  0
-6.14331  -1.47966  1.34837  4
0.196972  7.12863  6.52233  0
3.98384  3.25272  5.21446  4
6.69992  -5.16842  -1.2572  0
-4.21399  -1.05038  -3.40381  4
2.65142  -1.88636  -3.09108  0
-7.56299  1.29781  -1.29347  4
-5.88785  0.245029  7.23657  0
6.3124  2.83874  -5.73177  4
-4.00843  8.77295  -1.94327  0
-6.63072  -0.516086  0.415072  4
2.94362  -4.93542  7.97699  0
-3.53075  -2.40751  -6.69477  4
-7.04856  4.95803  4.81346  0
1.50789  1.08801  -8.91866  4
2.45771  7.683  -5.67763  0
7.91396  1.24797  3.11508  4
-2.74167  -5.43002  -5.69006  0
1.36616  -2.35535  3.00498  4
0.492422  9.74084  0.848139  0
1.99637  -1.73258  4.94299  4
-3.11814  -5.23326  -7.71389  0
4.02255  -7.01844  1.36705  4
-5.19502  6.34824  5.36367  0
2.7334  -3.35193  5.20387  4
-0.273915  -6.65387  2.93674  0
-5.80118  1.72611  -4.88538  4
1.85821  -3.39501  6.41789  0
-0.0597543  4.10692  -7.27498  4
6.7094  7.17375  -0.968168  0
-1.8967  -4.57772  -6.88714  4
-1.12749  5.89849  7.831  0
-2.97276  -8.67221  -2.00007  4
8.89864  -3.47112  -1.61435  0
-1.57016  -1.31934  8.66178  4
-4.34457  3.1805  8.18521  0
-0.545522  2.23913  -4.70469  4
-0.268451  2.32743  3.05665  0
2.4438  2.31064  -5.19966  4
1.98988  0.049898  2.07412  0
-1.07455  -1.7996  8.47249  4
-6.86791  5.04311  -4.84153  0
6.40811  -2.22909  -5.54605  4
0.44248  -6.37073  5.04015  0
-0.713955  -0.440075  8.57748  4
9.58185  -1.63386  -1.19286  0
-4.09057  -3.7476  1.87797  4
2.66371  9.18652  -2.46902  0
4.22955  0.531434  6.70485  4
0.185608  8.07936  5.57611  0
0.810084  -3.93066  3.63582  4
-5.1462  1.94837  -0.539566  0
-4.93624  5.2092  3.44946  4
6.27016  3.70516  -6.60738  0
7.72238  1.10199  -1.38398  4
-6.06092  6.3553  -4.37808  0
-1.27256  -4.14891  7.72427  4
5.3204  -0.679324  5.49722  0
-0.739708  -0.0308602  -8.90896  4
-2.3449  -4.19367  4.77907  0
-7.73022  2.82853  -3.51589  4
7.77276  1.26882  5.55578  0
-6.55288  4.08995  5.52644  4
2.21056  -0.561361  -0.78236  0
-1.34897  -0.532748  -3.70914  4
-6.56216  -2.28127  -3.59948  0
-2.13388  -0.848324  1.39795  4
-3.05831  -8.73309  3.42957  0
3.85526  -7.67479  -1.86853  4
5.43048  -6.13499  -5.50659  0
-4.8572  5.19913  -3.7197  4
2.9406  7.72991  -4.9069  0
-3.61072  6.48652  -1.51892  4
-8.0574  -5.53144  -0.897012  0
2.63462  4.86301  1.11499  4
-2.2504  -1.41076  1.9337  0
-0.176189  -1.45662  8.02983  4
3.35527  -8.8162  -0.978542  0
7.46333  -4.10437  -0.0640033  4
-4.70137  6.10526  0.928426  0
7.66717  2.4722  0.233059  4
4.35173  -4.42807  -7.2353  0
3.185  -0.723964  -0.32353  4
9.01587  2.79598  -2.5805  0
0.216157  -1.03841  -8.15889  4
3.68231  7.22707  -5.46502  0
2.29102  5.42471  -5.34166  4
2.39623  8.75444  -3.65982  0
0.805373  -2.4269  -0.0270999  4
-2.87015  -7.4928  -1.39363  0
-0.102431  0.406303  4.1241  4
-1.30274  -8.03272  5.60324  0
3.83436  -7.43104  -2.83966  4
1.59717  2.37858  9.31996  0
4.17821  0.661698  4.47556  4
-8.31472  -3.22163  3.9367  0
1.13945  -3.0654  8.59111  4
9.39766  1.29791  2.56892  0
4.47918  8.25071  1.39543  4
1.85194  1.38308  4.11254  0
7.4214  -3.65769  -3.76188  4
3.22311  -6.86692  5.35153  0
0.485789  0.633583  6.51255  4
1.71202  -5.30751  -6.70182  0
6.17637  0.0427336  6.37443  4
8.36815  2.50094  -4.64044  0
0.280001  8.88605  0.611607  4
-8.06263  5.55698  -0.927184  0
2.56119  7.44151  -4.56068  4
4.35529  5.80133  6.16792  0
-3.58762  -4.28125  -5.51458  4
-3.69601  8.42596  3.04722  0
0.0454547  0.616694  -3.70294  4
7.01503  -3.32052  -5.97869  0
-7.51359  2.57284  1.52471  4
-2.34633  1.28687  -9.33986  0
1.71835  -4.77058  -5.72421  4
7.12718  -6.50136  2.01021  0
1.60559  -0.668643  -2.93489  4
0.525967  5.11533  -8.36842  0
-2.53743  1.47752  7.55265  4
-1.88703  -4.06029  -8.72856  0
-6.10585  -3.10659  3.84237  4
0.326481  6.58079  7.26159  0
-6.02316  -0.323854  3.14067  4
4.67618  1.39488  -0.861151  0
-0.200023  -2.90509  7.28655  4
5.08281  -3.75479  7.46266  0
-3.44588  0.945729  2.81449  4
2.38703  -9.35941  -0.559132  0
8.36642  3.1027  1.29669  4
0.085749  -2.83543  -7.81802  0
-2.18005  0.436612  -8.50302  4
3.18622  -1.49183  -9.15733  0
-2.84124  -6.6393  -4.99928  4
2.34326  7.03333  6.47918  0
3.73506  -6.17335  -0.311454  4
-7.06221  -3.94026  -5.14031  0
-0.519762  0.3948  9.3198  4
0.699304  -1.62533  -5.87563  0
1.71031  -3.06381  8.4395  4
3.40441  -8.35779  -3.86969  0
4.87128  1.61351  -0.259831  4
-4.94932  -1.56658  7.96628  0
0.616417  -8.83565  3.38806  4
1.9699  -8.76319  -4.0639  0
1.84144  -0.210585  5.96702  4
-2.33447  7.35586  6.03026  0
-2.92528  -4.9031  2.37275  4
-2.52677  -6.75454  -6.60134  0
6.80694  4.67163  0.217933  4
-6.20854  -6.50394  3.65898  0
-5.39615  3.32766  7.05543  4
3.7346  8.57551  2.94568  0
-7.36669  -1.66139  1.14055  4
-5.57177  1.55548  -4.05277  0
5.73877  -2.9445  -0.165166  4
2.61995  9.51308  -0.158016  0
6.49639  5.74149  -2.16189  4
-0.79941  -9.52492  2.33182  0
5.46168  3.29433  -6.51074  4
1.19123  -6.96686  -0.893532  0
1.11795  -0.835675  6.44114  4
1.78522  -2.18414  -2.35785  0
-1.82749  -3.94857  0.724202  4
4.33109  -1.16861  -8.7392  0
-8.28046  1.03382  1.80575  4
3.56345  1.47415  6.68466  0
9.02818  -1.09654  -0.947891  4
-9.21014  3.31912  0.639839  0
-0.649209  -7.60734  -4.03473  4
1.19525  8.68235  4.44187  0
3.0403  0.0541493  -8.26096  4
-3.69918  -8.58409  -3.09157  0
-8.52033  1.30101  3.68817  4
