3.51776  8.70191  2.45405  0
4.69525  1.00442  0.0221357  4
8.07828  5.37734  -1.5922  0
6.0081  -4.52181  -0.517698  4
-1.00877  9.14525  -2.93875  0
6.17996  -1.73903  6.40529  4
-6.96301  -1.05922  6.84007  0
6.33457  -1.68568  -2.49669  4
7.27751  0.960439  -6.32402  0
-6.48202  1.43522  2.62744  4
5.43547  -1.51521  -8.059  0
0.392204  7.51198  7.5387  4
-1.11393  -0.18713  -5.6885  0
-5.88354  0.0082188  7.24498  4
2.25102  -4.79238  -5.14927  0
7.06381  3.51563  -5.19959  4
-0.966905  -6.59264  1.04429  0
0.208653  5.12781  1.22995  4
2.34432  5.42185  1.40594  0
-1.35149  -1.18765  7.61705  4
9.50541  1.13308  1.9531  0
-3.77816  3.0208  0.479428  4
-2.55941  3.16496  4.72274  0
8.44943  -3.96374  -0.247801  4
-7.48904  1.88962  -6.11398  0
-6.38862  1.19283  -0.809754  4
5.85243  4.00708  6.80871  0
1.18412  3.99522  7.80717  4
3.48123  -1.29364  -1.65174  0
-7.11687  -2.36443  0.390098  4
2.55274  -7.01434  -2.36911  0
-5.8106  4.07503  -4.07679  4
-3.4902  2.96365  5.14171  0
6.33747  -0.0603685  -0.654875  4
-5.3868  8.09036  -0.608302  0
-6.95973  -0.835859  2.0132  4
3.69532  -1.85557  8.93747  0
-0.542494  -2.42895  -2.3108  4
-8.04907  4.94639  2.88789  0
2.16224  -2.94711  -7.29096  4
5.2018  7.35114  -4.03004  0
7.33124  1.30385  1.78716  4
-0.0557771  -8.41891  -5.18481  0
3.30714  -3.74481  2.96891  4
0.104963  9.79508  0.159236  0
1.25672  -1.43205  2.8766  4
-4.05078  -4.51487  -7.75605  0
4.05282  -5.63336  2.21469  4
0.0648787  3.35126  4.85209  0
4.02654  -2.31797  4.9857  4
-0.87174  -9.15965  2.98051  0
-1.85051  3.46427  -4.42178  4
-3.28346  -6.06635  5.08319  0
-1.63583  6.67971  -6.41995  4
3.68134  1.55129  2.67792  0
-0.69667  -6.53662  -6.53737  4
-1.3028  8.46085  4.85185  0
-0.950452  -5.66985  6.33546  4
9.84583  -0.313225  -0.588092  0
1.19822  -0.721325  9.21804  4
-3.4492  5.19974  7.60571  0
-4.12555  3.70044  1.35791  4
3.45951  0.472676  3.86588  0
2.52642  1.66846  -7.51156  4
7.53806  -4.00765  4.50741  0
0.0135242  -0.656148  6.99044  4
-7.11976  5.22615  -4.39773  0
3.53914  2.26676  -5.03721  4
2.045  -6.35255  7.26344  0
0.428201  2.32571  4.50012  4
9.71973  -1.58666  -0.477806  0
-5.86068  -1.62982  -1.38922  4
2.76534  9.20801  -1.97069  0
4.84921  -0.645351  7.09409  4
0.230917  4.57586  3.02857  0
-2.9283  -2.84732  5.22588  4
-3.85293  2.15497  -8.72778  0
1.32871  6.32752  4.82418  4
6.31675  3.80833  -6.49072  0
7.42865  -3.49347  -4.10859  4
-6.57307  4.49814  -5.72726  0
-4.45654  -1.76742  7.27231  4
3.40665  -1.29112  7.61429  0
-2.98256  5.43031  -6.51062  4
2.99646  -5.19486  7.8425  0
-8.46118  0.684242  -3.23688  4
4.34328  -0.176832  7.24107  0
-4.7072  2.26396  2.64743  4
0.574224  -1.28358  -1.36613  0
0.609981  1.15452  -4.73441  4
-3.41965  0.215503  -9.174  0
0.643059  -5.06283  -1.6805  4
-3.03333  -8.26054  4.33515  0
0.436507  -9.24553  1.13929  4
4.74995  -7.48034  -4.18331  0
-5.90643  6.66912  -0.891433  4
3.16739  3.97516  -8.4495  0
-5.38817  0.745145  3.7637  4
-8.63438  -4.26699  -1.15409  0
6.05464  3.72552  2.75462  4
2.79115  -3.47183  3.0291  0
3.79896  -1.55509  7.11664  4
2.85991  -7.99399  -2.45914  0
6.06105  -4.48002  1.98968  4
-2.25952  9.48308  -1.42437  0
8.5752  4.16557  0.433365  4
1.76298  -7.21607  -6.49454  0
4.28111  -2.25752  0.0714434  4
8.71785  1.42242  -4.22466  0
-1.91  -0.328945  -6.03133  4
6.03739  6.2515  -4.66093  0
1.7742  6.74447  -2.25117  4
2.3081  9.06763  -3.02321  0
-0.311424  -4.16024  2.51852  4
-1.07851  -9.20501  -3.28742  0
1.11006  2.05001  6.40682  4
1.18161  -8.68593  4.06018  0
1.31993  -8.48918  -3.20364  4
3.36748  0.367858  9.11656  0
7.57801  0.763124  -0.949812  4
-6.87981  -2.09847  6.7622  0
3.2323  -1.29149  6.33713  4
8.99199  0.952406  3.60922  0
2.18105  7.74716  2.98486  4
3.24448  3.30159  1.91953  0
5.39757  -4.32811  -3.78098  4
4.8138  -6.16815  5.93  0
-2.26674  -0.963764  4.0381  4
0.0500859  -1.8909  -3.219  0
7.08087  -1.23006  6.12265  4
3.61155  5.64112  -7.23738  0
-0.723025  8.51885  -2.6594  4
-6.77589  5.73417  -0.707047  0
2.36605  4.80229  -6.86434  4
5.16227  2.92881  3.04177  0
-2.04583  -4.34233  -5.40675  4
-5.11349  7.41403  4.07264  0
0.741873  0.347644  -4.58668  4
7.12504  -3.79704  -5.30244  0
-2.59592  2.06657  2.44432  4
-2.8173  2.31985  -9.08732  0
1.00689  -1.95533  -8.81506  4
7.28444  -5.63268  3.21403  0
1.79584  2.8843  -5.24566  4
-0.9579  8.15459  -5.46334  0
-1.41474  -1.52887  8.99057  4
-5.07952  -3.99994  -7.3096  0
-7.04451  1.83817  5.54643  4
4.23632  4.62635  7.51679  0
-5.69164  2.56296  -0.346746  4
3.82211  -3.32876  1.27708  0
4.12408  -0.0510394  7.79397  4
6.51279  -0.781175  7.3006  0
-8.35285  3.24823  -0.739968  4
1.19946  -9.71256  0.614945  0
7.67001  -1.14481  -0.616776  4
4.141  -5.22849  -6.85087  0
0.469736  3.28887  -4.50694  4
1.31695  -1.2485  -9.58869  0
-5.13383  -6.8941  -4.3096  4
1.15354  7.72015  5.12711  0
2.94499  -3.50809  -1.31646  4
-7.26583  -6.42074  -1.69036  0
-0.74298  0.64004  7.69173  4
1.83199  -5.55552  -7.85804  0
0.416892  -3.07974  6.91831  4
4.54792  -8.51482  -2.06692  0
6.57516  1.88692  -5.83377  4
-6.85557  0.0268473  6.94221  0
1.01178  -9.39445  0.103768  4
2.56938  -8.64769  -3.98981  0
7.44849  2.11711  5.21122  4
-2.7546  6.60869  6.71222  0
0.821147  -7.18091  1.43539  4
-5.2617  -6.48879  -5.22085  0
8.09444  5.03751  1.54472  4
-6.33173  -6.1529  4.26335  0
-3.27292  3.31825  6.16419  4
5.9056  7.8558  -0.641494  0
-8.72757  -0.0587452  -2.08714  4
-8.39841  1.01973  -3.95754  0
3.04903  -6.73445  -3.18774  4
1.40048  9.7344  0.936624  0
5.48692  3.776  -4.38971  4
-3.0966  -8.68104  3.35211  0
3.36838  4.88365  -5.2547  4
0.96216  -9.2352  0.704877  0
-0.133792  0.425302  5.18305  4
2.62446  -5.67181  -1.17948  0
0.945487  -1.94209  5.06105  4
6.66345  -4.42889  -3.43743  0
-7.21315  -0.617535  2.42818  4
6.94905  -1.27966  6.69842  0
6.76974  -2.54161  -0.0605167  4
-5.16404  4.56072  -1.00591  0
0.314483  -7.06555  -5.09395  4
1.67116  8.51034  4.74078  0
0.32853  -1.20873  -8.81763  4
-3.48185  -8.8998  -2.29543  0
-8.74459  2.36113  2.99855  4
