3.84832  8.90069  1.45824  0
5.90384  0.203427  -0.145679  4
5.95709  5.15165  -1.38094  0
5.15068  -6.29113  2.20153  4
-1.49968  8.38005  -4.89305  0
6.85542  -1.69467  3.79136  4
-4.81868  -1.89714  8.36208  0
7.70329  1.00137  -1.10384  4
8.50764  0.125922  -5.00011  0
-7.58616  1.00197  1.4091  4
6.27517  0.285856  -7.5545  0
0.0580876  7.99391  7.0266  4
4.27062  0.13806  -4.27819  0
-2.66888  -0.187816  7.98681  4
2.21659  -4.93188  -8.15834  0
8.95239  0.503906  -2.49508  4
-1.37769  -7.11336  1.34301  0
1.39447  3.57424  4.33986  4
-1.04635  4.90371  -0.0261147  0
-1.72296  -4.09204  1.44598  4
9.70666  -0.145858  1.37664  0
-2.67927  4.68995  1.35616  4
-6.05263  7.75429  -0.438132  0
5.87527  -3.77795  0.717902  4
-6.79565  4.02596  -5.64767  0
-5.1209  -1.81094  0.242788  4
1.54556  4.77541  4.73339  0
5.41632  1.21589  5.13302  4
6.33911  -5.20908  -0.063988  0
-3.08667  0.980924  -2.40768  4
2.44425  -2.53006  -1.88604  0
-8.14161  2.21828  -0.771664  4
-4.55298  4.06027  7.43208  0
5.38979  3.80315  -4.2191  4
-3.82936  8.77402  -2.14178  0
-5.67213  -2.49794  1.25227  4
3.58788  -4.59973  7.57568  0
-0.696822  -1.25229  -4.31539  4
-6.55229  4.95545  5.38069  0
1.34092  -1.53669  -8.65105  4
2.99966  7.75837  -5.05629  0
7.05194  2.00726  1.84545  4
-3.00851  -6.1381  -4.31267  0
1.53268  -2.30609  2.39293  4
0.721468  9.6716  0.362574  0
2.53144  -1.48315  4.60335  4
-3.44287  -4.8341  -7.81367  0
4.86518  -8.07725  1.71138  4
-6.15055  5.66183  5.12812  0
5.00559  -1.3773  6.68728  4
0.462884  -9.32372  2.9661  0
-6.02496  3.28597  -5.3656  4
1.71129  -5.17792  6.83572  0
0.523228  4.8895  -6.19757  4
6.6894  7.16866  -0.853294  0
-0.718022  -5.89535  -7.22209  4
-1.6488  6.02007  7.62882  0
-2.42813  -6.76221  -0.0120766  4
9.30773  -3.21102  -0.791384  0
-1.33022  -1.59288  8.93347  4
-4.36012  3.66162  8.05421  0
-2.28809  3.71661  -3.33244  4
2.94466  2.46287  2.17056  0
0.827585  0.0412493  -6.63619  4
4.5348  -1.10451  2.32177  0
-1.4215  -3.02747  8.4716  4
-5.5594  5.61275  -5.84597  0
5.67462  -2.14117  -3.19274  4
-1.1022  -6.39497  3.02495  0
-0.255642  2.20749  6.16963  4
9.32187  -3.16661  -0.298157  0
-3.3607  -5.89042  1.04499  4
3.11884  9.19021  -1.43102  0
2.66072  0.547901  8.54632  4
0.0814514  8.32036  5.16529  0
0.901195  -3.8852  3.56687  4
-4.87993  3.25866  -1.96496  0
-4.41191  3.28024  4.83028  4
5.39557  3.7053  -7.34599  0
7.02902  0.559688  -4.46654  4
-5.96339  6.53361  -4.21569  0
-2.77886  -2.69805  6.76168  4
5.36139  -2.85485  6.48947  0
-1.50499  1.81107  -7.32454  4
0.136731  -3.50773  3.99576  0
-7.37051  -0.488148  -4.17449  4
8.02929  1.56921  5.48244  0
-5.9421  2.71064  2.36694  4
-0.850763  -0.583695  -1.84402  0
-0.747444  -0.355802  -5.24524  4
-5.67826  1.48414  -4.85085  0
-1.57712  -1.54657  3.15023  4
-3.19686  -8.1892  4.5575  0
3.07558  -7.63375  0.228004  4
5.92927  -6.25974  -4.62521  0
-5.96286  4.98043  -1.80406  4
2.4121  7.37136  -6.05026  0
-5.46996  4.84038  -0.29004  4
-8.29844  -5.23366  -0.894797  0
4.11308  3.93068  3.81214  4
-1.70132  -2.78683  4.18356  0
0.501238  -0.441397  7.73807  4
3.1147  -9.35  -0.305118  0
7.49711  -5.27749  1.14843  4
-4.98843  4.92594  -0.682221  0
8.16465  3.14575  -0.0859513  4
3.71593  -4.63906  -7.47687  0
2.70339  -1.36326  -1.62792  4
9.06551  2.58451  -2.76167  0
-0.972798  0.252083  -9.57188  4
5.23929  6.88378  -4.58016  0
2.50296  6.10753  -4.33702  4
2.92558  8.27892  -4.00946  0
1.07893  -3.55247  -1.20508  4
-2.29657  -8.69056  -0.887658  0
1.35544  0.820742  2.54069  4
-0.147282  -7.70176  6.13191  0
1.92774  -7.78336  -4.2117  4
0.93306  2.17548  9.5496  0
3.99157  -0.541909  3.15595  4
-7.53718  -3.96705  4.88583  0
3.50641  -2.10915  8.65587  4
9.35904  1.38839  2.73286  0
3.24217  7.67732  0.482065  4
1.68281  2.45587  3.25871  0
7.42511  -1.96793  -4.51925  4
3.11609  -7.72383  5.16347  0
0.999183  0.748708  4.804  4
1.15146  -3.97425  -5.30916  0
6.0841  0.311269  6.40057  4
8.07  3.50084  -4.46931  0
-0.48643  7.93815  2.08324  4
-8.42612  3.3774  -0.334282  0
1.24118  7.00753  -5.22606  4
4.93757  5.31469  6.62852  0
-4.27335  -4.44017  -6.89091  4
-4.33916  8.22264  3.14161  0
-0.419874  2.29819  -3.85626  4
6.26719  -2.91692  -7.00858  0
-5.16908  3.95407  1.1424  4
-1.81016  1.24398  -9.31579  0
1.62852  -2.31087  -5.74201  4
7.43716  -6.20749  1.83896  0
3.0803  0.446796  -4.57921  4
0.165756  6.39083  -7.40011  0
-1.77264  -0.488217  8.22219  4
-2.43292  -3.74146  -7.2001  0
-6.88821  0.560662  6.01122  4
0.543256  6.52911  7.35844  0
-8.19869  1.51675  3.56718  4
4.26223  1.52418  -0.98149  0
1.88521  -3.13545  6.0699  4
4.40175  -3.08923  8.23443  0
-4.33977  3.91433  -3.02266  4
2.37783  -9.47537  1.14291  0
8.00301  3.21385  0.65922  4
0.748436  -0.16702  -7.45475  0
-4.10728  -0.881363  -7.92578  4
3.88045  -0.936693  -8.98373  0
-1.47807  -5.77885  -5.1469  4
2.60258  7.18185  5.93459  0
2.63897  -3.16544  -1.28906  4
-7.20725  -3.98652  -5.42929  0
0.597667  -1.50846  9.26681  4
1.67145  -2.10682  -5.26063  0
-0.490258  -2.94015  8.01354  4
3.51171  -7.93867  -4.12918  0
3.51862  0.971558  -3.15549  4
-5.62293  -1.37375  7.94439  0
-1.13738  -8.54257  3.16192  4
1.53716  -8.40522  -4.93547  0
3.649  0.47339  5.88118  4
-3.3016  7.35672  5.63313  0
-3.43881  -7.22351  4.05714  4
-3.0122  -6.08661  -6.97422  0
7.80373  3.68333  1.70906  4
-5.65244  -7.27657  3.4491  0
-4.26143  2.88658  6.41155  4
4.72886  8.21154  2.59172  0
-5.8948  -1.22731  2.34721  4
-8.83762  3.08303  -3.02186  0
4.29641  -2.98622  -0.784335  4
1.73869  9.41148  -0.377129  0
6.48521  6.47085  -1.36284  4
-1.53315  -8.96591  3.75547  0
6.58185  1.68101  -5.72549  4
0.512043  -5.90458  -0.0836644  0
1.10045  -0.92718  6.55815  4
3.41988  -3.0297  -1.20437  0
-0.777304  -4.27882  4.45315  4
5.32222  -1.2871  -8.1934  0
-7.07391  1.8113  2.2624  4
3.47692  1.73622  6.61565  0
8.42267  -1.43651  1.29456  4
-8.25763  1.52218  -0.661831  0
-2.56057  -7.40146  -3.84892  4
0.646663  8.45108  5.05984  0
2.03762  0.0466732  -9.00814  4
-3.14515  -8.60295  -3.37219  0
-8.60348  1.57961  2.0934  4
