1.85635  7.8569  -1.12935  0
2.2614  -0.0792866  -0.938879  4
4.77788  8.47754  1.07967  0
5.97004  0.969206  0.732857  4
1.00052  8.72611  0.0417785  0
2.66204  -0.742045  4.84926  4
-4.75789  -4.89494  6.95633  0
8.28848  -1.63413  1.69765  4
6.8122  1.18873  -5.71264  0
-8.75272  0.144883  -0.452367  4
6.437  -1.34623  -7.30932  0
0.625584  7.18906  7.81921  4
-1.48776  -0.287673  -1.29074  0
-5.65875  2.18596  4.684  4
0.748606  0.185163  -5.78815  0
5.08124  4.6728  -3.4771  4
2.28764  -5.2696  -1.27114  0
0.991643  5.26581  -2.25112  4
4.16885  8.40626  -1.67111  0
1.26144  -3.2046  7.32489  4
5.33993  1.66684  4.31848  0
-3.90395  3.65125  5.26733  4
-3.60802  5.31915  1.52161  0
4.22233  -1.89732  -4.06907  4
-8.77815  2.26214  -3.73621  0
-3.93588  2.85981  3.18353  4
5.22391  0.436375  4.51878  0
1.17326  1.2246  5.48804  4
2.34409  -6.61659  -2.14343  0
-7.66459  -0.625193  -1.31546  4
5.98994  -5.46081  -4.04595  0
-2.5038  1.80656  -2.09905  4
-4.09364  5.95204  3.21199  0
1.9238  2.55016  0.868268  4
-6.1643  5.42955  5.40474  0
-7.11711  -1.73807  2.29524  4
6.44685  -1.89271  7.22514  0
-1.81485  -3.11472  -8.08704  4
-8.32714  1.23261  3.17036  0
1.02983  0.0974992  -2.17197  4
6.11241  6.75862  -3.47232  0
5.57422  5.59177  -2.45924  4
-0.110267  -9.63289  -2.02103  0
0.617318  -3.24281  8.5536  4
-2.06564  8.81018  -3.69919  0
5.62624  0.0300238  -0.802451  4
0.0298127  -3.95978  -8.23322  0
0.983712  -4.96465  2.63372  4
2.33346  1.16  7.69825  0
3.34559  -3.07892  7.55677  4
3.17055  -9.20543  1.5294  0
0.865424  2.64279  -2.8494  4
-7.53457  -2.18058  5.9593  0
-4.24705  3.20106  -7.10614  4
5.04158  7.4386  3.31425  0
-0.927346  -0.189016  -7.75174  4
-2.14212  7.86396  5.42796  0
0.0735105  -5.68935  5.49959  4
8.59823  0.19911  3.28997  0
-1.46225  3.31561  8.14815  4
-3.83902  6.41512  6.37623  0
-3.26029  3.34569  1.6641  4
5.60676  1.11594  -0.990239  0
-0.00530573  -1.27437  -7.77099  4
3.45545  -1.1079  4.97081  0
1.99137  -5.40792  4.55233  4
-0.00454273  -1.05437  -0.577546  0
-2.03635  -2.20493  -4.17376  4
-0.263393  -5.01555  5.64275  0
1.37698  5.05665  7.92349  4
8.90785  -3.08683  -2.77536  0
-4.43016  -0.568812  -5.95502  4
2.39262  6.45204  -2.60825  0
7.69118  2.36663  0.639906  4
-2.55662  1.80825  1.43267  0
-1.50624  -0.88551  7.01127  4
-3.80047  2.20983  -8.7532  0
3.85684  7.76392  1.99222  4
6.9923  3.74327  -5.80083  0
5.64095  -3.14264  -4.21023  4
-3.29453  4.00031  -4.81726  0
-4.3515  -5.78844  4.49462  4
6.0103  -1.25716  7.43506  0
-1.66853  0.9807  -3.19398  4
2.74753  -7.56032  5.70967  0
-8.7232  -2.82281  0.66613  4
3.2792  0.86532  9.16383  0
-8.66052  -0.801825  2.40011  4
0.123078  -3.25226  -3.33034  0
1.50105  1.41279  -5.8315  4
-6.70031  0.231542  -7.2225  0
3.01038  -5.79704  -1.19069  4
-4.79352  -4.90185  4.69009  0
0.00999753  -6.35787  3.97203  4
5.35724  -7.96888  -2.27149  0
-1.6197  4.20811  1.57306  4
1.27244  3.33381  -9.15819  0
-3.05581  -0.564409  5.09429  4
-3.69346  -7.05353  2.3629  0
1.9977  4.24552  0.887033  4
-1.35858  -9.65061  -1.1111  0
1.64858  -2.79253  8.75646  4
2.42615  -8.86059  -3.41696  0
6.41139  -7.09489  0.312518  4
-0.193168  9.8168  0.414053  0
5.76418  1.45595  -1.49715  4
2.75665  -5.48499  -7.69956  0
7.76494  0.88266  0.452256  4
9.59251  -0.52358  -2.28323  0
0.241056  2.2227  -6.54997  4
4.09558  3.64118  -3.18223  0
3.87869  3.07678  -6.66386  4
3.57143  7.52637  -5.18508  0
-3.81603  -4.75046  4.45031  4
-0.890678  -8.87558  -3.33932  0
2.36727  1.00086  5.99948  4
0.680684  -7.72321  5.97479  0
0.206747  -8.42925  -3.72335  4
3.0566  -5.66046  7.39776  0
6.84821  -1.44724  2.6166  4
-1.73246  -3.92917  6.08177  0
3.04511  -2.81559  1.82518  4
7.77799  -1.32874  4.78507  0
0.800941  8.17401  0.744826  4
2.57955  3.66013  5.23209  0
4.59344  -5.27899  -2.83908  4
5.86362  -7.04362  3.62381  0
-1.71976  -1.10802  -3.71857  4
1.91605  -3.84653  0.752897  0
2.73373  5.00226  0.100649  4
3.64418  4.7982  -7.80668  0
1.86447  7.99555  -4.86437  4
-5.28592  6.68001  -4.81389  0
1.1842  2.28129  -5.91557  4
6.43955  4.24935  5.92773  0
-2.04218  -6.09416  -5.62196  4
-6.49366  7.29587  -0.366858  0
3.04398  1.0006  -4.89449  4
5.83906  -2.434  -7.5687  0
-9.03873  0.312157  2.65963  4
-1.77615  1.68752  -7.27683  0
0.665623  -4.10209  -8.55344  4
3.99882  -2.89531  4.2922  0
-4.29666  6.99241  -4.83093  4
-3.49397  8.1877  -4.2765  0
0.897847  -3.15984  5.88527  4
-5.49373  -6.15921  -3.82836  0
-6.79543  1.18064  4.48954  4
5.64449  3.26441  7.20846  0
-7.13378  5.15205  -2.70425  4
1.24458  -3.41144  1.92626  0
0.886066  -2.43073  7.72502  4
5.18489  1.09629  8.26425  0
-4.54805  -1.70045  -2.17062  4
4.62255  -8.41192  -0.833052  0
8.33941  -2.29238  -0.183394  4
0.381934  -5.77638  -7.76911  0
2.05278  -0.285445  -8.58878  4
5.22152  -0.261242  -8.32926  0
-0.824633  -8.44756  -1.79461  4
1.95086  6.38451  5.06435  0
5.99282  -1.0239  3.2799  4
-9.42619  -2.3583  -1.32734  0
-0.126547  -1.26729  6.04731  4
0.382163  -4.83312  -2.6916  0
-4.71742  -3.05307  5.64103  4
5.1084  -8.40526  0.184019  0
7.24783  1.29269  -4.93291  4
-8.0469  -0.832064  5.57106  0
1.5915  -4.64418  -3.70889  4
1.31329  -7.47851  -6.24817  0
4.28417  5.0697  5.49019  4
-1.66866  5.96881  7.66709  0
3.96408  -4.05133  1.69717  4
-4.98673  -6.43695  -5.502  0
6.5892  4.7194  4.07404  4
-6.68169  -1.46333  7.04975  0
-4.80451  1.47637  5.83217  4
7.13369  6.76866  -0.157402  0
-2.02709  0.933659  -7.13713  4
-7.88888  1.36386  -4.59404  0
2.0992  -6.41795  -3.19785  4
4.87668  8.47077  0.0181421  0
1.47459  4.46857  -8.02968  4
-1.40489  -9.11969  3.46397  0
5.63861  2.78452  -0.383936  4
-2.05536  -8.98414  3.36165  0
0.912565  2.38025  5.08383  4
-0.776165  -4.15393  1.97789  0
-1.4861  1.25809  7.73549  4
3.33951  -5.39159  -4.80006  0
-5.60358  -3.24227  6.5427  4
4.99223  -5.64494  6.26165  0
4.73767  1.96085  4.41365  4
-7.28879  6.25093  -1.55298  0
-5.41554  -5.67712  -0.719546  4
2.60563  7.86291  5.37091  0
0.869483  -0.785293  -9.13157  4
-4.03968  -8.28534  -3.32861  0
-5.6654  4.06022  6.0898  4
