1.55012  5.96496  0.479428  0
4.79255  0.457861  -1.69607  4
6.12005  6.06936  -0.429864  0
6.34818  1.10205  0.360736  4
-0.965671  7.32158  -0.165201  0
3.2131  -1.83092  6.68216  4
-5.19403  -4.64847  6.90431  0
8.53395  -0.127954  0.97486  4
7.38473  0.985924  -6.31589  0
-8.99018  1.10561  0.597992  4
6.46107  0.0148908  -7.44057  0
0.705698  7.65476  7.35313  4
-4.30899  1.08827  -2.13441  0
-4.43062  3.3184  5.34257  4
0.547721  -0.799818  -7.1101  0
4.79514  5.42324  -2.44277  4
0.484016  -6.19544  -1.9423  0
0.685953  6.48172  -2.48755  4
5.10098  8.42141  0.252179  0
-0.728056  -2.91594  6.3599  4
6.88799  1.48019  2.43272  0
-3.1573  3.6928  3.74981  4
-2.78947  3.74713  0.939958  0
3.89809  -3.40242  -5.20322  4
-7.69662  2.68373  -3.09682  0
-5.37679  2.76377  -2.22013  4
6.48153  0.798901  3.51184  0
2.9709  1.47238  6.59962  4
2.69235  -7.26821  -1.46034  0
-4.70795  -0.540489  0.374835  4
7.18868  -4.75747  -3.17027  0
-3.67129  1.59715  -4.35875  4
-3.43267  6.69166  2.483  0
5.28758  2.61427  0.489101  4
-7.17219  5.56118  2.1503  0
-6.98018  -0.964826  2.13963  4
5.68545  -2.67075  7.41079  0
-2.17805  -3.93899  -6.92181  4
-8.99994  1.96628  3.39469  0
2.36931  1.22607  -2.40064  4
6.05959  7.08931  -3.09731  0
7.82456  4.1644  0.0886093  4
1.416  -7.09306  -3.05557  0
-0.937847  -3.43911  7.55042  4
-0.411505  9.23427  -3.15401  0
6.28311  -0.954206  0.205116  4
-0.354992  -3.4216  -8.68462  0
5.9283  -4.96142  3.23111  4
2.06976  0.349945  3.31564  0
6.22824  -3.02502  6.10448  4
2.63244  -8.70031  3.67005  0
1.45649  1.899  -4.81996  4
-6.65931  -3.36085  6.37146  0
-4.29329  4.36946  -6.73729  4
4.81298  7.85641  3.32004  0
-0.783864  -3.11671  -8.402  4
-3.23616  7.83678  4.1471  0
-1.34997  -5.85421  6.85646  4
9.69875  -0.406382  0.905221  0
-1.43723  3.05841  7.70969  4
-4.44532  5.79299  6.57046  0
-6.21453  4.28892  2.90385  4
3.66033  -0.262577  0.786528  0
1.00821  0.536007  -8.23142  4
2.95307  -0.684653  2.24859  0
1.41295  -5.92432  6.47989  4
-2.96556  2.98075  -5.04304  0
-1.9379  -1.65567  -6.02164  4
1.53392  -5.95124  7.64973  0
1.06442  3.83633  7.70354  4
9.37038  -2.73745  -0.801236  0
-5.17157  -3.2306  -2.64322  4
1.73935  7.36224  -2.57082  0
7.49165  1.08029  1.41014  4
-2.20536  2.69952  1.91906  0
-1.22138  -1.40098  7.67355  4
-3.91025  4.10315  -6.05804  0
3.47742  7.13335  2.49136  4
6.16257  4.34774  -6.34908  0
4.8414  -4.19093  -2.51763  4
-6.15281  5.38383  -4.86151  0
-4.33852  -5.24455  4.44097  4
5.25641  -0.970283  7.98047  0
0.773035  2.62844  -5.24685  4
1.90349  -6.90731  6.77824  0
-9.39879  -1.50352  -0.109552  4
1.6761  0.925666  9.63742  0
-5.82358  2.13793  0.00863204  4
-0.470276  -2.34814  -2.73734  0
1.5686  1.20786  -4.87722  4
-6.65399  0.336392  -7.2222  0
2.3192  -6.53943  -1.53765  4
-4.78897  -4.6773  5.1559  0
2.15739  -7.49539  4.37179  4
3.15712  -8.19787  -4.52129  0
-3.97658  4.55923  0.236186  4
1.22653  2.5261  -9.46082  0
-1.90991  1.61808  5.16166  4
-6.1437  -4.69457  -0.6235  0
2.34475  4.41739  1.00855  4
-2.08818  -6.12007  -1.02733  0
1.03537  -3.4085  8.43138  4
2.61746  -8.87285  -3.11028  0
4.25572  -7.00313  -0.851668  4
-0.991159  9.76372  -0.115523  0
5.99472  2.17483  -1.22249  4
2.06706  -6.92486  -6.68832  0
6.79468  2.13287  0.781257  4
9.0412  -0.345088  -3.43894  0
-0.128354  -0.74719  -7.02631  4
7.038  6.33786  -2.5617  0
3.19484  4.46748  -3.92506  4
3.78318  8.23869  -3.8259  0
-3.03801  -3.99827  2.41267  4
-0.725568  -8.30228  -2.65142  0
1.85661  -0.452449  5.12362  4
0.164901  -8.12337  5.49415  0
-2.53032  -6.92709  -2.89483  4
2.2074  -2.40676  9.29876  0
8.69607  -0.856073  3.89573  4
-3.08763  -3.83813  5.97137  0
1.64909  -4.26123  4.88858  4
8.16359  0.185426  4.53362  0
1.33874  8.31252  0.948565  4
2.68942  2.97958  7.47114  0
5.33959  -3.40756  -2.45005  4
4.54167  -8.20083  2.86499  0
-1.66309  -1.33499  -3.24781  4
2.9696  -6.01834  2.08477  0
3.04009  1.91069  1.02949  4
3.63425  4.76498  -7.77985  0
-0.790151  7.17274  -2.80321  4
-4.61445  7.04519  -5.13023  0
0.814216  1.03437  -7.45987  4
4.43231  2.05361  4.97864  0
-0.639893  -6.72048  -5.21359  4
-5.27423  7.846  2.62957  0
3.40889  0.429979  -2.77919  4
6.81223  -1.83549  -6.87945  0
-5.98413  2.02726  3.49708  4
-0.968278  0.966099  -9.70557  0
2.59899  -5.08132  -7.46574  4
3.58657  -4.24586  6.54872  0
-2.89862  4.94888  -4.48232  4
-4.38432  4.64698  -5.49484  0
1.66295  -1.99906  8.91864  4
-6.10253  -6.12637  -4.64515  0
-8.4882  0.667386  3.00728  4
3.88788  4.03912  8.15397  0
-3.77878  3.26285  -4.78781  4
2.14027  -3.41664  2.49119  0
3.91483  0.0780539  8.61374  4
6.87852  0.936442  7.00479  0
-5.56831  1.28413  -3.57075  4
4.4786  -8.68598  0.351961  0
7.30342  -2.4706  -0.296736  4
1.92252  -5.11375  -8.19922  0
2.0535  2.41328  -7.77353  4
3.99117  0.180896  -6.93161  0
0.906785  -7.59764  -2.80549  4
2.71496  8.61241  3.94664  0
4.45311  1.90757  1.64698  4
-8.98572  -3.10176  -2.2305  0
2.27428  -0.622814  4.51503  4
1.20668  -6.37566  -4.44637  0
-7.26001  -2.88958  5.63272  4
4.57703  -8.66738  -0.679958  0
8.28807  0.132188  -2.81516  4
-7.57117  -0.666657  6.24536  0
0.816427  -6.23944  -3.14843  4
2.01481  -7.86277  -5.45592  0
5.77207  2.23756  4.22941  4
-2.7286  6.36964  6.75609  0
4.53764  -6.19121  1.84534  4
-3.61515  -7.52589  -5.2749  0
5.61419  6.76919  2.34473  4
-7.41  -4.40511  4.77885  0
-1.86179  3.82662  6.54385  4
6.49688  7.1231  -1.90058  0
-6.12802  2.06789  -5.41966  4
-8.23398  2.89159  -4.43914  0
2.18514  -7.70509  -2.74767  4
3.17247  9.31245  -0.368306  0
2.22312  3.66331  -5.99943  4
-0.136278  -9.44885  2.67822  0
6.34603  3.98528  -5.19522  4
-0.933463  -9.58902  2.04509  0
-1.16883  1.3935  3.46154  4
0.821499  -5.44689  -0.491548  0
-1.53238  0.655431  8.20733  4
5.24373  -5.01752  -1.25905  0
-6.24596  -1.16793  5.8646  4
5.21698  -2.97023  6.20527  0
5.26886  0.331563  3.51997  4
-6.89086  6.50283  -0.954314  0
-0.798809  -5.49565  0.435616  4
3.49897  7.31753  5.52999  0
0.505707  -1.29769  -8.88368  4
-5.09272  -7.58156  -3.37261  0
-6.36742  3.12976  4.06698  4
