1.79354  5.10514  2.14589  0
5.58028  4.59724  -1.24135  4
0.46075  7.60432  -0.327525  0
6.65545  0.147462  -1.35333  4
3.17127  4.76717  -2.16602  0
0.0995499  -1.51657  4.17958  4
-6.54553  -4.81709  5.5785  0
7.21067  -0.490554  2.8413  4
8.29385  -1.16286  -5.04765  0
-5.56184  -3.3585  -1.09838  4
4.31158  -0.857013  -8.83539  0
1.07896  7.42239  7.53352  4
-3.28526  -1.13299  -0.00878018  0
-7.5298  0.143458  0.744051  4
4.5014  -1.85801  -4.39228  0
3.26318  3.64736  -7.63613  4
2.02469  -5.03118  0.0656716  0
0.451618  3.01972  -4.09918  4
5.37526  7.98507  -2.09192  0
2.21893  -0.305573  8.02498  4
3.57506  2.45535  0.947524  0
-1.29752  4.38846  2.86666  4
-1.15094  7.76886  1.8188  0
6.05017  -0.194563  2.25807  4
-9.6696  1.26882  -0.9874  0
-3.095  3.21198  3.65855  4
7.02359  0.60979  4.38971  0
0.330062  6.25305  1.60109  4
0.59594  -9.21332  -3.0276  0
-2.93374  -3.88846  -1.84338  4
5.41433  -4.79198  -6.63758  0
-1.60931  0.690993  -0.602542  4
-6.23559  5.79497  4.97607  0
4.69893  1.77609  0.918345  4
-5.98474  7.79165  0.547135  0
-8.91352  -0.158355  3.61913  4
7.52691  -0.985603  6.19043  0
0.441931  -4.07455  -7.74063  4
-9.02713  -0.369381  3.0914  0
2.60396  -2.53865  -1.28855  4
5.21902  8.37421  -0.225715  0
6.85166  3.3857  1.29654  4
2.16191  -9.24497  -2.10419  0
3.49228  -6.09467  5.79369  4
-4.31786  6.88384  -5.5667  0
8.52259  -0.796034  2.78479  4
1.85087  -2.81779  -5.92528  0
-1.11561  -3.99954  0.666845  4
1.94124  2.23081  3.15299  0
3.07742  -0.395473  3.13832  4
3.10916  -9.29256  0.69678  0
-0.568436  1.33331  -6.19834  4
-7.81637  -2.59066  5.01157  0
-1.36976  3.12887  -8.6516  4
4.58346  7.66013  4.10688  0
-0.786211  -0.903346  -5.26342  4
-2.48121  7.84182  5.03314  0
-1.49035  -5.09521  3.14291  4
8.09463  2.37997  4.9457  0
-1.64009  1.10743  6.29938  4
-0.660426  3.05466  0.516673  0
-0.701716  7.70461  -0.553869  4
7.68851  5.85126  1.89859  0
4.43843  -4.92065  -6.70792  4
2.99091  -2.45018  6.2987  0
3.70109  -3.25407  8.14602  4
-1.66618  -1.93658  0.327545  0
-0.642057  -1.25554  -8.86309  4
-1.46572  -5.36173  0.41555  0
6.0157  4.28758  4.8085  4
5.65295  -3.56653  -4.24515  0
-6.89561  -0.561279  0.91677  4
-1.06501  5.03203  0.179909  0
6.24427  2.39686  2.96283  4
-0.867164  0.676141  -1.07184  0
-0.939662  -2.84807  7.12153  4
-4.34208  0.936518  -8.7649  0
5.00117  5.14166  3.00105  4
6.27404  4.80381  -5.92041  0
6.17447  -3.31051  -1.93301  4
-6.5877  2.42191  -6.94352  0
-1.21909  -6.23358  2.26337  4
3.72782  -4.61062  7.82341  0
-3.0413  2.70641  -4.89644  4
2.60156  -7.86541  5.31852  0
-7.65055  -0.907242  -0.870524  4
3.43462  1.83371  9.01606  0
-8.36044  -1.05863  -0.737788  4
-3.8383  0.0557737  -7.31154  0
3.50936  2.82542  -8.12363  4
-6.95284  -0.510981  -6.89307  0
4.14162  -8.1612  2.33685  4
-4.67644  -7.42181  4.43327  0
-4.28136  -4.5476  4.04897  4
5.90146  -7.85361  -0.786853  0
0.140814  6.05353  3.80631  4
3.36116  2.92747  -6.68764  0
-0.872514  -3.08184  4.83506  4
-1.00163  -3.43954  4.40366  0
-1.60154  3.13954  0.5711  4
-0.746666  -9.7971  0.240995  0
1.18326  -5.24105  6.72365  4
1.68496  -6.27434  -2.53781  0
6.51184  -5.82905  0.979994  4
-0.195059  9.80536  -0.943972  0
2.55126  3.5736  -6.10177  4
0.433359  -0.939925  -9.81399  0
7.65274  1.60286  -2.001  4
9.42902  -0.374296  -2.65061  0
2.08355  1.08516  -5.91925  4
5.05961  4.3099  -1.64755  0
5.30041  4.26872  -5.97778  4
4.52139  6.80898  -5.54921  0
-4.11606  -5.56117  3.49055  4
-4.00367  -7.84524  -4.24719  0
-0.459878  -1.67252  6.31087  4
1.80932  -6.50554  7.18649  0
0.297136  -7.78977  -5.37627  4
1.58542  -7.56457  6.06433  0
2.72054  -5.10863  0.320973  4
-1.23822  0.424798  0.804316  0
0.495835  -2.97948  7.15522  4
8.74743  0.853927  4.40833  0
-3.39819  7.18877  -0.0396766  4
-5.61692  3.4721  3.30183  0
1.84912  -8.70525  -2.75238  4
3.99759  -6.10669  6.33936  0
2.91164  1.39483  -4.47745  4
0.0234194  -4.81822  -1.26905  0
2.98347  2.19468  0.89856  4
5.25244  5.02295  -6.64221  0
-0.321382  5.70426  -3.11258  4
-6.13562  6.96481  -3.21905  0
0.0718367  -1.62805  -7.8214  4
4.80594  5.29526  6.83102  0
-0.235566  -0.0767993  -4.20017  4
-4.90653  7.3693  1.51712  0
-0.583073  1.08493  -7.58007  4
4.94214  -3.4972  -7.72098  0
-5.41977  -2.04337  0.872974  4
-1.60162  1.85139  -9.55041  0
-1.30456  -4.80776  -3.19109  4
0.211334  -3.30755  5.65584  0
-2.07469  6.21593  -6.54596  4
-4.40042  8.5919  -2.03186  0
-0.905993  -0.423905  6.13827  4
-5.17252  -8.35625  -0.572703  0
-6.29976  1.64383  0.14547  4
7.15485  0.574661  6.74078  0
-0.13135  4.10192  -2.24846  4
3.5116  -7.82185  -1.02301  0
0.882037  -2.8051  6.49867  4
6.55195  1.22582  7.26586  0
-6.47402  -3.14056  -3.73217  4
2.62723  -9.04984  -2.44881  0
7.49848  -4.81887  0.402333  4
-0.540927  -5.15567  -8.33844  0
0.869571  -1.16885  -9.42244  4
3.77601  0.906946  -8.87589  0
-1.32372  -4.65944  1.45187  4
-0.384463  4.84882  5.45567  0
3.84196  -5.43823  -1.12276  4
-9.35563  -2.98253  -0.761863  0
-5.79406  -2.91058  6.02378  4
0.907657  -5.89979  -1.73748  0
-5.39982  -3.09027  4.95643  4
8.07845  -5.69122  -0.402382  0
6.19916  0.533226  -3.10431  4
-5.94046  -1.55519  7.73228  0
-2.21635  -6.18473  -0.419919  4
1.37831  -7.52474  -6.06645  0
3.43559  4.15575  7.97595  4
-2.08037  6.35309  7.18725  0
-0.220764  -0.943499  2.18502  4
-4.93597  -6.53854  -5.50709  0
6.61903  -1.3987  3.5053  4
-7.11359  -0.293251  6.81585  0
-2.88245  2.576  4.88957  4
6.93954  6.88939  0.148404  0
-0.672911  -2.23766  -7.04646  4
-6.68524  -0.579824  -4.26427  0
0.495664  -8.21814  -3.35083  4
2.82032  9.32676  -1.0113  0
-0.281955  4.16452  -6.33208  4
1.31676  -8.58844  4.68915  0
7.7486  4.79501  -2.36529  4
-4.01282  -5.94293  5.96405  0
-5.07269  1.37228  7.03508  4
-4.75428  -2.39968  2.40728  0
0.668831  2.12028  6.68096  4
4.46811  -6.02823  -6.39541  0
-3.02714  -0.346436  0.541702  4
5.90263  -5.69836  5.21087  0
-1.89573  2.39189  5.78111  4
-7.59803  6.03129  0.246744  0
-5.92769  -1.51093  2.38349  4
1.64792  6.16877  7.42083  0
1.0601  0.753693  -7.46381  4
-3.30345  -9.14287  -0.23157  0
-5.8078  2.88601  4.88982  4
