2.44274  3.43153  1.80201  0
6.09726  3.19169  0.249939  4
-0.159758  8.5372  -1.1707  0
4.3035  -1.81922  -0.960398  4
6.63034  5.85698  -2.22621  0
3.46899  1.68256  8.56935  4
-3.21822  -1.19572  9.22648  0
7.75392  1.80184  -0.241681  4
8.60077  1.79442  -3.4504  0
-6.13988  5.08363  1.80368  4
6.79518  -1.542  -6.94753  0
1.37264  7.70427  7.21873  4
-0.553683  -4.10561  3.03724  0
-7.26198  1.3938  -1.83175  4
4.12617  -7.70359  -4.35167  0
2.92191  1.64446  -3.47844  4
-1.99192  -2.52301  -1.92244  0
-2.9849  6.09295  -5.91224  4
7.3185  5.71443  -3.23695  0
-1.29718  -0.227696  7.2805  4
3.56666  -0.644344  -1.24571  0
-1.14516  0.423431  3.07642  4
0.0603068  9.43498  2.6237  0
7.77197  -2.89062  2.67929  4
-8.92321  3.37299  -2.28439  0
-4.89723  0.825309  2.14696  4
0.235897  5.221  5.61726  0
1.8007  1.39747  1.53793  4
-1.384  -9.19116  -3.0837  0
1.2315  -4.72351  -1.89341  4
5.59505  -3.01063  -7.48263  0
-2.59229  -1.62037  3.2296  4
-5.11496  5.10756  6.62063  0
9.04534  1.09451  -0.788208  4
-4.75809  8.50216  -0.356869  0
-6.21019  -0.89366  1.95588  4
8.36575  -1.93834  3.89117  0
0.536735  -1.11123  -8.31277  4
-7.65811  -0.931001  6.12141  0
6.31834  -2.00904  -3.46772  4
6.43254  6.68135  3.15346  0
6.03015  -1.56004  0.872586  4
0.368036  -8.4295  -1.08253  0
0.503744  -5.14714  4.23569  4
-4.20074  6.10345  -6.48914  0
7.7648  -0.983661  1.05114  4
2.70232  -4.29867  -8.38786  0
-3.64574  0.0320186  -1.2785  4
-3.18087  3.17209  2.95168  0
-0.11979  3.95444  6.53846  4
2.79066  -8.8525  3.18062  0
0.217944  0.459875  -5.32646  4
-6.48598  -3.82027  5.93851  0
2.3966  -0.985663  -5.40833  4
5.38773  7.29933  2.0794  0
-2.09975  -3.20618  -6.51948  4
-2.90118  7.28616  3.18307  0
0.589776  -4.03319  5.33883  4
6.75787  2.44862  4.50215  0
-0.5574  -2.71051  7.00302  4
2.26793  2.80827  -7.33702  0
-2.07983  5.16171  -0.0894212  4
8.13795  5.53795  -0.00831991  0
4.00434  -1.63842  -6.90073  4
0.929582  -2.85008  -1.60914  0
5.91897  -2.9928  4.7186  4
-2.28262  -0.670661  2.65305  0
-0.379489  1.3588  -7.98107  4
-2.32645  -7.04545  0.521347  0
6.6894  2.73624  2.86172  4
3.90747  -1.66905  -6.33778  0
-8.83821  -2.19739  0.86642  4
-0.203088  3.78398  -2.98328  0
3.14122  -4.15175  1.19401  4
-1.88384  -0.0381513  1.52059  0
0.472319  -2.22108  6.23842  4
-6.46639  3.10423  -6.72862  0
4.65799  5.90608  1.62174  4
3.64358  7.13442  -5.52567  0
5.76789  -2.46743  -3.48056  4
-7.6575  2.2924  -5.34309  0
-0.927423  -6.45683  1.16889  4
3.53548  -5.03058  7.39412  0
-5.78328  2.86939  -6.93026  4
5.47883  -3.8576  7.17722  0
-7.19614  -1.06969  -1.41003  4
3.14496  5.16924  7.60412  0
-7.10683  -0.456104  -0.0268729  4
-2.329  1.82976  -4.07839  0
0.924305  -2.19363  -7.92538  4
-6.50338  -0.283789  -6.0595  0
5.65181  -4.03495  3.62181  4
-4.42434  -6.83103  5.03137  0
-1.32511  -5.08984  6.31842  4
4.85599  -8.03398  -1.22941  0
0.845241  4.91296  5.48129  4
5.884  4.10942  -6.65514  0
-0.246945  -3.57194  5.255  4
0.802896  -3.34659  7.4006  0
-2.70375  4.60924  1.51096  4
-1.2722  -9.76494  -0.259942  0
2.62348  -3.63589  8.51294  4
-0.433693  -2.92025  -0.115322  0
7.95743  -2.11316  0.458333  4
-0.592442  9.82045  -0.491236  0
0.205655  5.68889  -5.73005  4
2.9147  -0.963357  -9.21706  0
7.09356  -1.06101  -1.91487  4
9.52712  0.760297  -1.79195  0
0.617972  3.30555  -6.61797  4
4.01864  5.48462  1.5301  0
2.55468  1.93365  -5.28558  4
5.33923  4.40384  -4.32911  0
-1.56885  -6.89437  4.69958  4
-4.40323  -7.04971  -5.3294  0
0.804437  -2.62781  7.09719  4
0.104022  -6.68832  7.2269  0
-1.69676  -5.09376  -6.56053  4
5.96949  -6.84304  3.8038  0
1.92636  -3.8318  0.17141  4
2.92359  -1.51608  -2.4426  0
0.121473  -4.18144  6.19903  4
8.18024  -0.893742  5.42333  0
-2.16182  1.66587  -0.2576  4
-3.82555  -1.24182  2.87862  0
-1.51658  -5.01172  -3.48015  4
5.07279  0.128238  4.43366  0
4.50709  3.82266  1.61221  4
-2.23763  -7.95156  -5.31294  0
2.21471  8.35588  -2.71378  4
2.60154  6.23805  -7.10379  0
1.42179  3.09045  1.73778  4
-7.04526  6.2061  -2.92078  0
2.67384  -1.8811  -7.96623  4
6.10505  3.89606  6.12704  0
0.670178  1.06765  -4.261  4
-0.950718  8.60871  0.918483  0
-1.40164  -1.20148  -6.80965  4
3.69751  -2.16162  -4.31916  0
-6.22233  -0.992222  1.10841  4
-4.13208  4.38966  -7.79902  0
-2.33999  -4.12365  -6.51701  4
2.2925  1.25255  1.18481  0
-4.83693  5.95981  -5.18247  4
-4.59096  8.42243  -1.70448  0
-2.01571  3.16376  5.00866  4
-6.75087  -7.08019  -0.821847  0
-9.29675  1.03826  -2.14927  4
7.1631  0.829984  6.66332  0
1.39467  5.99078  6.99373  4
2.54996  -7.21823  -6.20438  0
-0.724427  1.09682  9.11002  4
6.35105  -0.246737  7.52761  0
-7.20313  -5.00481  -2.99144  4
2.83672  -8.65645  -2.90793  0
5.98149  -2.54946  -0.509633  4
0.998978  -2.71036  -8.02383  0
0.417333  -1.60719  -6.87479  4
1.0493  0.931784  -9.74514  0
-4.38765  -3.69354  2.46495  4
-0.0676632  3.09162  7.02396  0
3.69148  -6.15769  -1.97039  4
-9.77073  -0.669671  1.33114  0
-6.36637  0.512299  2.1764  4
-2.2733  -6.50267  -4.87666  0
-5.60914  0.237303  4.91581  4
8.13376  -5.43783  1.12802  0
5.37321  2.43718  -0.0597075  4
-7.15778  -1.07356  6.5997  0
-1.28601  -8.8347  1.35165  4
2.51977  -7.80185  -5.23556  0
6.00092  0.697736  3.91792  4
-0.48101  2.45284  4.24122  0
1.25371  -2.2023  -2.0112  4
-4.63768  -8.1672  -2.5195  0
3.22194  -1.90655  6.45146  4
-7.49883  1.97838  6.07699  0
-0.818882  2.48304  8.23105  4
2.36605  4.52361  -1.32125  0
-3.1333  1.26332  -3.96931  4
-7.51411  -1.00562  -6.2065  0
2.85378  -7.46716  -4.08986  4
4.25307  8.82492  0.878782  0
-0.669027  -1.47992  -7.30634  4
1.09755  -7.79155  5.75597  0
7.08028  0.445764  2.71712  4
-1.42305  -2.33461  3.77204  0
-6.10448  1.71945  4.93583  4
-5.36719  -2.46824  4.22811  0
-0.861367  1.53504  7.08997  4
2.15482  -6.19449  -4.19065  0
-4.36336  -2.35285  -0.0127773  4
6.55945  -7.11663  1.52032  0
-0.186276  0.803555  6.5719  4
-5.3218  5.14767  -1.1686  0
-4.29246  -0.106361  2.08512  4
-0.498734  5.39892  7.89248  0
-1.04083  3.10023  -5.70488  4
-1.91693  -9.52899  1.78455  0
-4.30511  -0.909546  4.19572  4
